1 6
198 372.565000 222.686000 -0.186608
199 217.975000 432.587000 -0.082092
200 317.466000 475.415000 2.880910
201 239.543000 504.871000 -1.370820
202 358.395000 384.792000 2.069260
205 372.556000 295.888000 -0.669319
2 6
198 352.930000 208.246000 0.693508
199 218.586000 425.088000 0.470562
200 303.099000 461.537000 -2.444210
201 239.269000 504.653000 -0.801035
202 356.232000 409.740000 1.139560
205 345.215000 279.345000 -0.203648
3 6
198 357.617000 202.407000 0.270274
199 216.487000 424.540000 1.557440
200 307.083000 464.009000 -2.887210
201 237.945000 503.421000 -2.072960
202 186.631000 539.572000 -1.374110
205 323.620000 279.809000 -0.148833
4 6
198 371.365000 215.900000 -0.689404
199 222.987000 429.314000 -1.592790
200 308.366000 464.468000 -2.275420
201 264.749000 513.985000 -1.667580
202 167.026000 498.429000 -0.580635
205 323.871000 359.256000 1.890790
5 6
198 369.882000 211.459000 -0.785083
199 225.087000 429.202000 1.042890
200 323.869000 492.476000 -1.436990
201 267.068000 512.159000 -1.885250
202 165.485000 501.614000 -0.703470
205 307.475000 346.002000 0.279933
6 6
198 370.979000 214.391000 -0.543590
199 226.553000 432.209000 0.654625
200 312.888000 458.271000 2.679510
201 240.960000 515.652000 -1.729470
202 176.857000 491.400000 -0.953437
205 312.219000 363.252000 2.970750
7 6
198 367.683000 211.359000 -0.598927
199 227.945000 433.957000 0.520696
200 301.558000 489.615000 -1.707330
201 239.723000 513.425000 -2.178750
202 176.523000 489.228000 -1.068480
205 320.135000 295.231000 0.088765
8 6
198 359.374000 187.400000 0.354513
199 286.235000 289.350000 -0.832088
200 297.519000 489.747000 2.963230
201 240.249000 513.588000 -2.107850
202 170.356000 483.589000 -0.082130
205 335.263000 418.011000 2.644740
9 6
198 340.265000 196.335000 0.817941
199 356.206000 258.388000 0.069934
200 302.231000 469.646000 -2.397690
201 240.858000 517.752000 -1.550280
202 169.658000 438.476000 -0.534526
205 409.798000 303.127000 -0.995838
10 6
198 225.757000 263.416000 1.851770
199 320.282000 269.093000 2.514360
200 301.141000 457.523000 -1.865490
201 240.854000 513.445000 -1.863020
202 171.565000 438.963000 -0.790321
205 430.589000 296.001000 -2.442850
11 6
198 179.995000 337.414000 0.971433
199 257.241000 414.690000 2.156890
200 312.127000 487.636000 -1.221930
201 238.614000 496.099000 -1.518960
202 170.268000 441.651000 -0.036465
205 428.897000 296.849000 -1.543030
12 6
198 188.315000 341.354000 -0.547624
199 243.274000 396.784000 1.807920
200 291.120000 480.196000 -2.085520
201 247.435000 509.279000 -1.623950
202 168.162000 444.333000 -0.267275
205 327.423000 369.689000 2.796110
13 6
198 367.183000 224.062000 -0.520970
199 242.028000 395.703000 1.497710
200 281.726000 464.805000 -2.066840
201 237.165000 499.616000 -1.150690
202 153.350000 450.835000 -0.170719
205 322.218000 377.225000 0.975822
14 6
198 300.626000 276.981000 2.788730
199 240.868000 398.602000 0.595084
200 281.519000 466.624000 -1.608860
201 234.408000 498.332000 -1.009990
202 171.078000 436.650000 0.822746
205 328.482000 376.505000 2.090700
15 6
198 152.327000 336.889000 1.412360
199 243.948000 398.766000 2.987370
200 284.359000 473.957000 -1.301700
201 233.695000 505.555000 -1.659840
202 166.927000 439.756000 -0.079489
205 325.243000 371.769000 1.791190
16 6
198 148.231000 362.179000 0.572551
199 223.086000 351.095000 1.007850
200 276.670000 485.889000 -1.952690
201 208.642000 510.888000 -1.748240
202 168.829000 437.627000 -0.453709
205 327.350000 376.163000 2.244450
17 6
198 147.277000 363.570000 0.584537
199 224.087000 349.954000 1.357520
200 275.978000 472.890000 -2.041200
201 207.939000 513.159000 -1.319040
202 165.202000 440.591000 -0.452116
205 330.305000 385.997000 2.641400
18 6
198 144.552000 365.469000 0.084505
199 223.320000 347.354000 1.521820
200 266.737000 485.111000 -2.004300
201 210.478000 511.989000 -1.212690
202 163.250000 439.600000 -0.574874
205 330.769000 370.071000 -3.123450
19 6
198 145.967000 362.372000 1.133270
199 220.409000 345.055000 1.305580
200 267.645000 482.666000 -1.888460
201 209.668000 507.367000 -1.512450
202 146.891000 452.798000 0.191129
205 329.181000 372.667000 -2.780340
20 6
198 145.561000 365.334000 2.124580
199 224.970000 350.862000 0.576701
200 286.503000 457.125000 -1.812830
201 210.483000 509.021000 -1.428290
202 160.811000 451.130000 -0.355219
205 336.639000 401.653000 -2.920900
21 6
198 160.169000 385.022000 2.335990
199 221.736000 345.645000 1.708470
200 279.033000 447.698000 -1.833860
201 211.725000 508.828000 -1.641550
202 147.704000 464.553000 -0.930043
205 315.218000 382.221000 -2.458130
22 6
198 163.605000 382.943000 -0.935375
199 223.717000 342.274000 1.180800
200 274.207000 455.916000 -1.387560
201 212.257000 509.261000 -1.146930
202 157.927000 458.349000 -0.741829
205 317.979000 374.699000 -3.057140
23 6
198 162.062000 379.129000 -0.700639
199 233.872000 262.838000 1.536690
200 247.315000 469.129000 -1.787990
201 363.101000 292.478000 -1.458340
202 160.717000 462.769000 -0.719117
205 312.910000 389.535000 -1.430730
24 5
198 168.683000 375.315000 1.107370
199 234.428000 298.913000 1.534160
200 247.241000 435.640000 -2.564700
201 368.564000 242.398000 -1.124000
205 314.365000 388.677000 2.929800
25 5
198 166.137000 378.187000 0.764798
199 219.608000 323.578000 1.594130
200 247.263000 442.931000 -1.019010
201 302.274000 314.102000 2.006830
205 317.249000 376.279000 2.776540
26 5
198 153.306000 336.732000 -1.031960
199 222.232000 325.576000 1.512310
200 231.909000 456.739000 -1.443850
201 301.777000 316.742000 2.221600
205 313.575000 381.136000 -1.947820
27 6
198 361.791000 201.817000 0.305966
199 221.984000 329.891000 1.613160
200 228.204000 457.170000 -1.600150
201 301.499000 316.926000 2.556330
202 171.486000 436.007000 -1.418640
205 325.363000 371.970000 -1.784030
28 6
198 262.483000 227.676000 1.924770
199 226.933000 353.199000 1.893530
200 223.900000 456.841000 -1.608770
201 299.451000 319.987000 1.912400
202 149.095000 414.799000 -0.655976
205 312.137000 392.447000 -1.903440
29 6
198 227.821000 267.899000 2.893910
199 210.009000 325.668000 1.305790
200 221.117000 438.611000 -2.650390
201 300.289000 314.163000 -3.103390
202 153.528000 419.499000 -0.035219
205 312.909000 378.983000 -1.491030
30 6
198 247.748000 278.815000 0.416481
199 182.382000 337.810000 0.986264
200 228.417000 428.750000 -2.001750
201 304.474000 312.860000 -2.890290
202 154.766000 415.946000 -0.352197
205 314.132000 374.867000 -2.452020
31 6
198 239.582000 285.322000 1.272120
199 167.033000 334.306000 2.188310
200 224.352000 491.390000 2.237610
201 310.432000 279.632000 2.818830
202 160.842000 435.973000 -0.528561
205 326.187000 367.268000 -1.957620
32 6
198 245.187000 277.742000 1.215800
199 169.501000 333.345000 1.561180
200 221.938000 457.656000 -1.722510
201 313.631000 285.246000 2.834960
202 153.922000 422.867000 -1.170490
205 324.394000 362.002000 -2.272740
33 5
198 240.633000 260.754000 0.652618
199 173.787000 321.428000 1.041730
200 217.910000 460.732000 -2.279550
201 303.085000 236.832000 2.730830
205 307.484000 346.467000 -1.146250
34 6
198 241.092000 261.594000 2.347720
199 173.354000 315.046000 1.024670
200 238.043000 422.484000 -1.468140
201 309.367000 281.442000 -2.713650
202 155.205000 412.237000 0.055608
205 310.114000 349.507000 -2.088490
35 6
198 230.931000 263.808000 1.498660
199 166.760000 326.216000 1.503270
200 208.139000 447.922000 -2.482530
201 295.180000 269.446000 3.091720
202 142.135000 429.253000 -0.814319
205 315.673000 347.630000 -2.560070
36 6
198 232.980000 262.300000 1.689910
199 163.865000 321.281000 1.289640
200 236.979000 421.635000 -2.157380
201 319.674000 250.518000 -0.283715
202 148.179000 411.549000 -0.755013
205 329.954000 342.319000 -1.410330
37 6
198 252.900000 257.384000 1.051670
199 156.178000 305.397000 1.477900
200 364.521000 305.404000 -0.625707
201 348.481000 225.056000 -0.388720
202 206.908000 425.100000 -1.314480
205 316.765000 351.540000 -1.084690
38 6
198 250.506000 256.166000 1.709640
199 162.994000 340.130000 0.995357
200 373.232000 344.585000 2.294260
201 309.254000 270.191000 2.975630
202 223.547000 441.387000 -1.255160
205 314.141000 346.231000 2.365120
39 6
198 245.183000 263.861000 1.801890
199 337.307000 212.510000 -0.792432
200 406.649000 305.354000 0.418337
201 311.809000 270.167000 2.860180
202 190.844000 255.800000 -0.659786
205 325.022000 348.423000 -2.391800
40 6
198 229.674000 311.747000 -1.864300
199 360.770000 217.516000 -0.343675
200 361.810000 428.839000 2.102950
201 309.818000 287.326000 -2.888930
202 397.228000 153.765000 0.118546
205 314.179000 353.354000 -1.260410
41 6
198 252.277000 256.590000 -1.069510
199 334.851000 218.558000 -0.759890
200 184.843000 263.186000 -0.942962
201 207.442000 202.930000 0.030739
202 352.463000 130.930000 2.211160
205 319.035000 322.810000 -0.396489
42 6
198 421.194000 148.634000 0.515327
199 335.720000 214.252000 -0.632281
200 251.033000 220.006000 -1.401240
201 198.233000 159.411000 -0.262003
202 321.145000 107.912000 2.537660
205 291.153000 308.665000 -2.342840
43 6
198 384.254000 137.153000 1.447920
199 335.036000 210.269000 -0.032331
200 240.796000 216.834000 -0.843196
201 197.923000 157.469000 -0.797839
202 316.128000 128.106000 2.042440
205 296.743000 310.095000 -1.257040
44 6
198 399.324000 153.139000 0.574911
199 357.572000 218.966000 -0.723596
200 228.622000 242.037000 -0.992652
201 204.503000 154.621000 0.179035
202 317.184000 124.550000 1.659910
205 314.587000 304.417000 -0.318826
45 6
198 385.209000 152.257000 1.414980
199 229.958000 200.200000 2.880220
200 262.276000 255.914000 -1.032570
201 223.950000 116.660000 1.750010
202 307.460000 103.655000 2.888580
205 323.021000 280.441000 2.681470
46 6
198 355.363000 163.381000 2.298750
199 195.577000 197.566000 0.113256
200 247.674000 245.929000 -0.634338
201 235.606000 143.651000 -1.256080
202 302.490000 97.064400 1.290070
205 314.612000 254.704000 1.289740
47 6
198 348.328000 155.724000 1.465480
199 196.808000 198.604000 -0.530438
200 246.550000 246.943000 -0.861480
201 229.727000 141.403000 -0.015003
202 313.028000 75.458300 2.067040
205 318.133000 260.418000 -2.632740
48 6
198 345.521000 162.240000 2.370300
199 206.085000 206.672000 -0.216647
200 262.256000 240.413000 -0.920299
201 218.476000 117.488000 2.464290
202 412.674000 155.345000 0.369674
205 343.762000 249.979000 -2.089540
49 6
198 354.051000 166.073000 2.150990
199 204.783000 202.151000 -0.375658
200 264.970000 225.895000 -0.111445
201 216.964000 117.417000 1.273600
202 299.761000 104.018000 2.244650
205 340.455000 242.261000 -1.488480
50 6
198 353.186000 171.956000 2.706180
199 207.051000 201.679000 -0.805271
200 257.947000 232.879000 -1.863730
201 207.764000 132.820000 2.381800
202 286.529000 106.760000 1.838180
205 319.624000 252.787000 -1.898620
51 6
198 375.749000 213.180000 0.780993
199 210.700000 207.602000 -0.991487
200 272.898000 232.823000 2.973260
201 213.630000 119.534000 2.156310
202 282.661000 104.184000 -2.889690
205 325.935000 281.201000 -1.112790
52 6
198 325.854000 104.336000 2.358140
199 204.259000 205.215000 -1.035170
200 272.391000 225.685000 -2.552610
201 218.698000 119.950000 2.600070
202 400.821000 164.074000 1.319670
205 338.642000 217.816000 -2.650860
53 6
198 317.087000 91.126400 2.354740
199 204.060000 204.750000 0.035972
200 267.996000 229.869000 -2.151720
201 193.508000 128.091000 2.096030
202 376.665000 96.847600 1.818600
205 337.060000 199.655000 -1.912450
54 6
198 325.490000 119.425000 2.349710
199 184.396000 198.621000 -0.129230
200 245.374000 229.488000 -0.784325
201 233.816000 110.942000 -2.583010
202 141.641000 100.033000 0.170402
205 329.490000 213.711000 -2.399060
55 6
198 325.768000 123.178000 2.132180
199 188.132000 210.694000 -0.423875
200 265.436000 219.218000 -1.472300
201 253.170000 79.692100 2.827980
202 152.849000 103.539000 0.564933
205 332.872000 206.398000 -2.223410
56 6
198 327.390000 125.245000 2.312990
199 187.840000 208.793000 -0.405109
200 263.836000 216.587000 -0.836966
201 256.728000 79.181700 -1.292950
202 170.150000 108.675000 0.986816
205 336.461000 207.084000 -2.208620
57 6
198 316.163000 110.936000 2.506020
199 188.206000 209.591000 -0.453790
200 260.095000 214.726000 -1.375930
201 251.826000 85.429300 2.705850
202 165.215000 121.432000 1.329590
205 331.224000 205.967000 -2.397200
58 6
198 314.266000 101.183000 2.175600
199 192.819000 210.331000 -0.454950
200 370.546000 268.044000 0.195740
201 246.814000 96.280200 -2.188530
202 166.664000 122.123000 1.156180
205 324.189000 217.248000 -2.481900
59 6
198 313.199000 127.366000 2.242340
199 194.087000 207.688000 -0.226390
200 237.516000 259.634000 -1.486050
201 247.052000 97.544000 2.431760
202 188.844000 121.872000 0.797595
205 336.096000 226.583000 -2.888500
60 6
198 318.136000 131.954000 2.457330
199 197.428000 210.379000 -0.480518
200 267.189000 236.746000 -1.813580
201 239.881000 97.255700 1.559540
202 180.687000 119.995000 0.296387
205 330.636000 210.274000 3.098580
61 6
198 312.628000 129.675000 2.387250
199 192.117000 211.149000 0.228122
200 264.681000 233.077000 -2.423320
201 241.159000 93.502200 2.167960
202 183.107000 120.811000 0.368659
205 329.425000 216.657000 -2.733260
62 6
198 312.202000 129.201000 2.262200
199 199.346000 207.105000 -0.354446
200 266.424000 232.970000 -2.557000
201 243.284000 95.180200 2.005870
202 181.890000 119.012000 0.369998
205 331.975000 216.169000 -3.077190
63 6
198 315.713000 126.393000 2.471130
199 169.846000 197.243000 -0.217873
200 264.588000 234.652000 -2.195670
201 239.673000 95.596700 2.239780
202 181.310000 115.304000 0.760499
205 332.297000 213.959000 -2.821270
64 6
198 317.289000 127.913000 2.495810
199 199.681000 203.169000 -0.006725
200 258.809000 232.174000 -2.313100
201 240.459000 100.032000 2.319600
202 181.294000 122.052000 0.240864
205 325.398000 222.458000 -2.768860
65 6
198 319.076000 128.463000 2.483950
199 191.080000 215.761000 0.542405
200 255.204000 235.853000 -2.456730
201 251.454000 89.550400 2.151380
202 183.684000 121.513000 0.462769
205 331.350000 215.852000 -2.856180
66 6
198 373.095000 138.782000 1.813110
199 178.613000 198.336000 0.611485
200 239.509000 234.503000 -2.645150
201 251.885000 85.983700 2.916750
202 188.675000 104.816000 1.002940
205 331.661000 213.163000 2.892280
67 6
198 314.418000 90.627900 2.465100
199 185.915000 203.944000 -0.047485
200 255.075000 234.574000 -2.456660
201 371.581000 189.357000 -1.927950
202 197.110000 38.704700 1.341500
205 325.476000 219.832000 -2.409170
68 6
198 283.848000 85.951100 2.535430
199 189.587000 204.973000 0.803893
200 231.180000 247.731000 -1.877880
201 345.706000 130.041000 2.150420
202 195.661000 82.272700 1.493150
205 323.400000 211.510000 -3.128880
69 6
198 281.418000 93.318400 2.494890
199 185.196000 211.113000 -0.444603
200 230.865000 257.710000 -1.466960
201 349.630000 127.005000 1.941510
202 208.107000 103.029000 1.875950
205 320.846000 212.699000 -3.069700
70 6
198 281.534000 96.976000 2.886420
199 181.111000 206.588000 -0.673014
200 251.887000 240.070000 -1.810770
201 348.501000 129.502000 2.845250
202 189.933000 125.966000 1.562610
205 328.712000 210.939000 -0.105701
71 6
198 279.002000 96.185400 2.546040
199 358.436000 296.523000 0.067354
200 246.952000 234.385000 -1.220030
201 330.554000 155.089000 2.982800
202 190.250000 112.169000 1.196090
205 324.057000 229.726000 -2.474570
72 6
198 281.570000 94.086900 2.420580
199 369.888000 265.040000 -0.768533
200 224.316000 230.227000 -1.442930
201 329.216000 141.991000 2.638620
202 188.468000 128.691000 1.112620
205 323.538000 215.920000 -2.266990
73 6
198 279.891000 94.828500 2.694260
199 366.096000 275.941000 -0.073038
200 216.802000 183.675000 -0.792691
201 328.781000 130.673000 -3.122330
202 195.026000 103.128000 1.387990
205 326.569000 216.399000 -2.183480
74 6
198 272.109000 89.791600 2.296850
199 370.849000 265.349000 -1.079340
200 229.538000 208.356000 -0.241131
201 331.799000 153.339000 3.065100
202 211.515000 114.480000 0.188709
205 320.082000 215.015000 -2.247150
75 6
198 265.584000 102.073000 2.702240
199 397.762000 234.402000 -0.430428
200 423.507000 304.089000 -0.479967
201 330.244000 133.508000 -3.027210
202 208.106000 153.673000 0.414220
205 323.968000 212.164000 -2.363940
76 5
198 270.746000 100.169000 -2.957080
199 366.360000 264.111000 2.799970
200 247.086000 202.146000 -0.621028
201 327.873000 144.206000 -3.014020
205 317.809000 206.257000 -2.205590
77 5
198 254.625000 96.501700 -0.097216
199 369.091000 265.709000 1.598760
200 217.483000 213.443000 -1.341700
201 323.220000 148.836000 -1.923390
205 315.834000 211.185000 -1.631030
78 6
198 272.704000 103.275000 3.112680
199 366.848000 272.998000 2.298050
200 234.542000 202.322000 -0.647801
201 321.549000 138.711000 -3.082080
202 199.271000 150.594000 0.092500
205 318.428000 210.323000 -1.964490
79 5
198 267.039000 102.086000 2.354830
199 371.442000 257.217000 -0.725823
200 210.530000 222.797000 -0.862535
201 320.404000 139.460000 -2.251620
205 319.892000 209.309000 -1.999730
80 6
198 267.900000 104.777000 2.196220
199 374.213000 281.978000 -0.411172
200 225.751000 188.968000 -0.650902
201 319.661000 145.793000 -3.131730
202 198.860000 130.513000 -0.191466
205 310.804000 217.427000 -1.688510
81 6
198 274.948000 105.279000 3.004520
199 372.587000 285.845000 0.170806
200 222.108000 202.628000 -0.289639
201 322.569000 144.248000 -2.413220
202 188.532000 146.988000 0.898576
205 315.481000 215.618000 -2.740140
82 6
198 277.652000 106.842000 1.920560
199 223.025000 257.570000 -1.377000
200 204.535000 194.574000 -0.537026
201 323.805000 143.645000 -2.701420
202 197.104000 135.774000 -0.089186
205 320.075000 211.374000 -2.253340
83 6
198 265.956000 106.790000 2.586820
199 249.399000 278.579000 -1.146000
200 201.996000 199.577000 -0.652288
201 322.935000 146.269000 3.023130
202 200.130000 125.716000 0.694046
205 305.211000 207.509000 -2.622440
84 5
198 265.713000 105.111000 2.360220
199 236.718000 255.293000 -0.946381
200 208.431000 191.042000 -0.100419
201 321.711000 148.723000 2.483250
205 304.235000 211.890000 2.915240
85 6
198 264.887000 107.517000 2.560230
199 234.876000 258.552000 -1.229600
200 207.716000 192.068000 -0.938344
201 322.775000 147.900000 -2.663990
202 196.108000 127.534000 0.089098
205 310.341000 210.404000 -2.228060
86 5
198 262.517000 105.402000 2.933730
199 314.646000 270.662000 -0.272214
200 195.273000 206.275000 -0.684065
201 317.240000 136.976000 -2.368050
205 323.606000 208.698000 2.835170
87 6
198 264.390000 103.688000 2.379160
199 361.803000 267.647000 -0.144042
200 197.262000 204.720000 -0.698794
201 316.685000 139.349000 3.064890
202 183.597000 129.566000 1.216480
205 313.743000 215.309000 2.181260
88 6
198 267.619000 105.404000 3.129220
199 246.759000 278.403000 -1.630140
200 194.439000 203.931000 0.758598
201 369.840000 183.713000 -2.750280
202 194.053000 122.959000 0.743233
205 308.239000 209.596000 3.108990
89 6
198 310.866000 98.275400 -0.026702
199 245.937000 270.572000 -1.979380
200 177.507000 217.904000 0.715418
201 334.025000 154.059000 2.422600
202 191.579000 123.035000 1.119320
205 311.338000 213.223000 -2.422610
90 6
198 406.607000 151.819000 0.120332
199 242.434000 270.154000 -1.508750
200 191.862000 214.498000 -0.649227
201 257.975000 113.795000 2.775280
202 176.398000 114.060000 1.119730
205 310.930000 209.511000 2.551190
91 6
198 382.450000 129.774000 1.893250
199 243.410000 268.630000 -1.763610
200 190.557000 203.183000 -0.041131
201 263.587000 107.635000 0.820862
202 197.916000 114.929000 1.340410
205 311.299000 214.108000 -2.757170
92 6
198 313.877000 142.363000 2.623960
199 227.327000 255.008000 -0.826382
200 190.280000 202.687000 0.606971
201 259.188000 104.820000 2.839960
202 195.334000 116.694000 0.790151
205 304.923000 212.695000 2.483130
93 6
198 317.501000 133.936000 2.857890
199 232.088000 256.013000 -0.674539
200 176.300000 181.372000 -0.093156
201 261.928000 108.038000 -0.258634
202 199.482000 115.969000 0.410562
205 311.379000 206.739000 -2.935200
94 6
198 309.128000 127.665000 2.393010
199 242.240000 262.042000 -0.943875
200 194.616000 194.474000 -0.559410
201 260.062000 82.571400 0.817549
202 197.340000 114.521000 1.465910
205 310.222000 206.337000 -2.541950
95 6
198 316.748000 134.013000 3.062960
199 231.120000 273.769000 -1.849830
200 193.963000 192.039000 -0.463834
201 271.858000 84.437600 2.474640
202 196.508000 117.877000 -0.564436
205 308.197000 207.017000 -2.103260
96 6
198 313.516000 132.731000 2.710440
199 232.564000 272.378000 -2.109510
200 200.321000 181.744000 -0.261967
201 265.042000 81.850800 0.946634
202 192.291000 114.023000 0.019270
205 310.833000 208.078000 -2.497530
97 6
198 312.258000 125.905000 2.603340
199 246.460000 303.610000 -0.954588
200 203.059000 215.632000 1.037250
201 266.827000 81.745000 2.488420
202 189.269000 110.642000 1.344090
205 314.631000 205.448000 -2.415420
98 6
198 320.296000 131.499000 2.981350
199 178.781000 223.967000 -3.039060
200 325.335000 313.083000 1.125830
201 263.645000 83.454600 2.251180
202 191.704000 112.239000 0.513803
205 308.667000 201.104000 -2.806130
99 6
198 319.319000 127.463000 2.557470
199 139.722000 202.858000 -0.690185
200 366.810000 304.980000 -0.195086
201 256.016000 85.086800 2.978790
202 173.814000 99.271000 2.101610
205 310.512000 207.220000 2.934170
100 6
198 318.453000 134.346000 -2.581330
199 197.252000 177.879000 -1.420180
200 249.346000 219.925000 -0.897075
201 272.195000 83.413300 2.755700
202 197.791000 106.963000 1.224260
205 310.186000 217.757000 -2.201370
101 6
198 320.645000 126.370000 2.894210
199 195.444000 180.483000 -1.270060
200 250.923000 213.705000 -2.116290
201 269.680000 82.131100 2.363620
202 196.243000 108.330000 1.394960
205 309.069000 196.065000 -2.577320
102 6
198 307.417000 112.625000 2.089000
199 174.723000 172.476000 -0.824879
200 224.131000 232.111000 -0.653872
201 249.237000 82.017200 0.680188
202 187.068000 105.008000 0.290041
205 310.163000 201.173000 -1.192580
103 6
198 312.427000 119.656000 2.882590
199 180.522000 182.027000 -0.410193
200 232.183000 216.418000 -0.668371
201 258.718000 79.118100 2.817990
202 174.322000 98.345900 -0.430393
205 306.084000 208.006000 -0.622558
104 6
198 393.953000 168.139000 0.969752
199 179.925000 183.943000 -0.739416
200 248.838000 206.823000 -0.142577
201 249.785000 76.464200 0.847268
202 171.481000 110.986000 0.873780
205 304.113000 228.515000 -0.346516
105 6
198 314.131000 120.980000 2.693760
199 185.691000 180.359000 -0.401027
200 242.041000 194.842000 -0.770613
201 273.426000 66.841600 -1.923200
202 192.013000 105.470000 0.509598
205 306.349000 199.402000 -1.478770
106 6
198 317.934000 118.910000 2.638870
199 185.124000 176.000000 -1.335700
200 246.699000 214.510000 -2.286280
201 250.280000 78.953000 -3.035700
202 174.499000 85.590100 0.869379
205 306.002000 194.222000 -2.988590
107 6
198 318.932000 119.401000 2.685050
199 181.136000 178.254000 -0.526412
200 244.105000 207.577000 -2.768150
201 253.492000 80.565700 2.168890
202 187.718000 98.038600 1.238170
205 305.887000 185.979000 3.136920
108 6
198 298.547000 130.952000 2.729460
199 184.522000 183.822000 0.100138
200 244.758000 216.693000 -2.759950
201 255.013000 79.799500 1.421480
202 160.284000 84.679800 0.078847
205 309.236000 197.077000 3.018720
109 6
198 284.742000 134.180000 2.726260
199 184.660000 179.086000 -1.350420
200 243.947000 234.677000 -1.593610
201 261.139000 59.251600 2.495350
202 183.075000 94.633300 1.064510
205 303.619000 196.879000 -2.538660
110 6
198 302.439000 129.742000 -2.136900
199 179.046000 176.219000 -0.503734
200 217.711000 226.879000 -0.673307
201 253.802000 55.483700 -0.937813
202 173.682000 62.100900 0.034045
205 301.060000 203.079000 -0.285475
111 6
198 288.052000 137.155000 -0.734700
199 225.228000 275.213000 0.112694
200 232.195000 206.223000 0.085451
201 219.407000 60.020100 2.818950
202 160.040000 128.971000 0.775136
205 297.764000 203.150000 0.418995
112 6
198 300.923000 131.520000 0.599210
199 363.626000 269.683000 -0.031133
200 224.251000 230.075000 -1.398750
201 243.439000 55.893000 -2.838010
202 173.165000 160.559000 -0.623209
205 296.904000 201.094000 0.918840
113 6
198 356.198000 138.257000 0.037495
199 340.698000 334.864000 -1.140520
200 216.869000 201.758000 -0.846053
201 261.292000 119.585000 -1.428110
202 175.466000 150.095000 -0.226604
205 299.261000 206.584000 -0.282388
114 6
198 387.072000 158.751000 2.985780
199 103.350000 342.094000 2.740910
200 237.601000 200.204000 -2.854570
201 270.989000 85.619200 2.802590
202 151.812000 155.879000 0.303097
205 301.291000 202.652000 -0.334584
115 6
198 406.201000 150.152000 -0.294883
199 99.920800 398.003000 -0.930058
200 256.095000 269.831000 0.112881
201 352.992000 217.601000 0.672092
202 176.988000 140.702000 1.196570
205 287.288000 215.641000 -2.625660
116 6
198 366.011000 163.936000 0.180794
199 244.168000 252.627000 -1.237920
200 322.862000 231.290000 -0.404573
201 371.687000 272.148000 -0.441321
202 180.646000 193.097000 0.627177
205 224.625000 153.815000 1.585670
117 6
198 362.515000 157.535000 -0.092390
199 263.980000 286.174000 -1.168940
200 326.877000 235.177000 -0.190342
201 372.339000 271.409000 -0.262540
202 182.000000 234.429000 -0.133828
205 237.227000 190.320000 1.691620
118 6
198 371.988000 162.023000 0.192471
199 249.255000 299.790000 -2.150770
200 359.494000 256.530000 -0.026785
201 422.711000 319.425000 -2.248550
202 188.560000 267.679000 0.354209
205 242.657000 203.539000 1.737540
119 6
198 421.006000 171.768000 1.197850
199 249.094000 298.712000 -2.491310
200 317.452000 272.294000 -2.544040
201 441.880000 301.427000 -3.087370
202 186.286000 263.523000 0.339420
205 239.696000 213.834000 1.762710
120 6
198 419.475000 169.771000 1.038880
199 263.655000 301.802000 -1.790590
200 319.033000 257.766000 -0.102950
201 442.275000 300.948000 -2.350120
202 185.138000 264.823000 0.650341
205 235.181000 214.719000 1.298830
121 6
198 389.764000 168.140000 1.289530
199 264.393000 302.448000 -2.243140
200 318.963000 255.079000 -0.177897
201 395.471000 312.362000 0.303440
202 170.513000 293.177000 0.126662
205 238.671000 213.112000 1.739390
122 6
198 381.003000 169.495000 0.776859
199 276.715000 317.164000 -1.588290
200 319.623000 239.366000 -0.477591
201 391.336000 317.009000 -1.636380
202 189.698000 275.657000 0.322465
205 235.702000 212.565000 1.070060
123 6
198 389.728000 169.017000 1.101850
199 265.500000 316.999000 -1.831200
200 327.051000 280.613000 2.821540
201 398.929000 308.706000 -0.802807
202 187.517000 273.521000 0.471377
205 239.626000 211.978000 2.468200
124 6
198 387.718000 176.842000 1.105240
199 267.503000 307.912000 -2.366190
200 308.706000 261.031000 -3.045010
201 389.259000 314.063000 -0.934613
202 223.003000 354.616000 -1.037390
205 235.812000 212.446000 1.316680
125 6
198 383.021000 175.344000 0.607800
199 267.788000 309.248000 -1.961620
200 309.055000 253.365000 -3.046100
201 404.483000 307.931000 2.360580
202 338.290000 317.985000 -0.470552
205 242.898000 222.535000 1.068070
126 6
198 340.782000 166.461000 0.486371
199 255.044000 310.567000 -1.512870
200 299.994000 224.077000 3.037900
201 396.523000 308.198000 2.705640
202 358.732000 248.555000 0.154419
205 240.610000 224.520000 -0.009164
127 6
198 368.715000 151.603000 -0.429061
199 275.614000 321.484000 -1.264480
200 312.006000 228.917000 -0.243269
201 370.780000 285.712000 -1.026160
202 326.006000 380.272000 -1.024240
205 242.150000 224.772000 1.311910
128 6
198 362.720000 150.779000 -1.044410
199 267.090000 321.972000 -1.565140
200 320.582000 207.724000 1.400720
201 355.594000 337.125000 -1.146890
202 420.757000 287.998000 -0.698301
205 241.054000 224.788000 1.350480
129 6
198 357.231000 152.825000 -1.189410
199 268.736000 320.523000 -1.373400
200 321.166000 223.854000 -0.007438
201 353.579000 343.293000 -1.498850
202 426.356000 299.653000 -0.502515
205 244.256000 232.916000 1.465650
130 6
198 366.729000 151.275000 -0.158055
199 252.065000 306.632000 -1.136170
200 355.343000 249.369000 0.333161
201 397.578000 368.311000 -0.727751
202 449.066000 317.780000 2.814820
205 249.376000 225.649000 1.041400
131 6
198 366.990000 151.016000 -0.074756
199 262.490000 313.108000 -1.844790
200 337.098000 285.356000 0.127272
201 422.919000 386.532000 -1.258750
202 454.425000 310.683000 2.326300
205 243.779000 229.004000 1.581760
132 6
198 364.202000 149.499000 -0.830840
199 260.122000 315.413000 -1.742630
200 345.737000 251.913000 -0.387205
201 427.352000 388.977000 -1.459990
202 450.415000 310.763000 -2.468330
205 253.814000 233.460000 1.529400
133 6
198 370.743000 152.857000 -0.326399
199 262.591000 314.481000 -1.519000
200 340.959000 251.301000 -1.394000
201 385.445000 312.604000 -0.770940
202 453.689000 310.241000 -2.615570
205 257.323000 232.134000 1.465290
134 6
198 370.938000 177.817000 0.901720
199 262.530000 312.233000 -1.531410
200 352.995000 256.283000 -1.104590
201 383.491000 315.394000 -0.603963
202 451.350000 313.535000 -2.570590
205 252.083000 233.716000 2.117390
135 6
198 396.368000 133.085000 1.711010
199 239.920000 310.630000 -1.045930
200 338.630000 254.290000 -0.540313
201 326.907000 364.835000 -1.587350
202 429.821000 324.890000 -0.748179
205 258.628000 231.216000 1.184940
136 6
198 266.669000 105.608000 1.922270
199 257.640000 312.597000 -1.452130
200 322.887000 236.510000 -1.566180
201 328.920000 371.584000 -1.316930
202 427.759000 339.073000 -2.423200
205 256.686000 230.019000 1.583100
137 6
198 297.872000 202.126000 1.520670
199 260.112000 318.182000 -1.444470
200 362.529000 231.370000 0.078876
201 358.354000 357.454000 -2.838870
202 452.288000 326.938000 -2.767620
205 234.647000 242.752000 1.170320
138 6
198 269.065000 359.720000 -2.276900
199 253.730000 299.866000 -0.730119
200 296.827000 228.448000 1.897780
201 347.798000 261.861000 -0.809575
202 450.607000 323.288000 3.089950
205 229.316000 244.382000 1.579210
139 6
198 279.999000 158.236000 0.854302
199 253.513000 308.309000 -1.813750
200 316.055000 262.937000 -1.600980
201 386.886000 154.791000 -0.100646
202 452.271000 320.100000 -2.954640
205 242.595000 233.604000 1.496030
140 6
198 346.988000 238.729000 -0.877510
199 260.161000 319.578000 -1.373030
200 317.897000 306.132000 -0.356687
201 327.025000 173.497000 2.090630
202 425.174000 336.355000 -2.155690
205 235.020000 240.300000 1.308360
141 6
198 353.552000 164.386000 0.369160
199 259.781000 315.771000 -1.529480
200 467.205000 282.738000 0.208760
201 299.986000 221.970000 1.390620
202 429.996000 340.428000 -1.748140
205 232.188000 243.751000 1.286260
142 6
198 353.095000 192.759000 1.080590
199 258.850000 315.546000 -1.164030
200 369.089000 348.561000 -2.746820
201 312.785000 370.860000 -0.661892
202 437.824000 330.287000 -1.669470
205 235.101000 245.050000 2.114580
143 6
198 325.168000 215.968000 1.551720
199 263.188000 316.976000 -1.248910
200 364.147000 362.662000 2.862330
201 306.848000 380.169000 -1.151890
202 448.340000 317.974000 -3.086310
205 244.483000 238.294000 1.391910
144 6
198 301.551000 358.512000 2.453640
199 255.002000 302.036000 -0.963010
200 380.149000 368.614000 3.017780
201 307.175000 465.382000 -0.750198
202 450.171000 317.699000 2.942730
205 252.208000 235.535000 1.829470
145 6
198 311.698000 347.817000 -2.203670
199 353.161000 234.568000 -0.479029
200 367.900000 391.843000 -2.530310
201 276.419000 455.503000 -1.737000
202 451.800000 316.931000 3.011400
205 283.781000 181.446000 0.402316
146 6
198 275.782000 291.507000 -1.156450
199 305.141000 231.733000 0.060562
200 371.186000 361.886000 3.042170
201 303.906000 399.065000 -2.754750
202 450.208000 315.959000 -2.850840
205 361.722000 178.529000 -0.169168
147 6
198 246.171000 306.921000 -1.017780
199 282.618000 220.396000 0.635283
200 366.532000 356.526000 -0.832651
201 295.922000 355.379000 -1.310310
202 453.549000 319.163000 -2.859200
205 344.096000 164.892000 2.348440
148 6
198 212.160000 224.482000 -2.318600
199 284.793000 223.491000 0.963715
200 361.853000 346.555000 -0.584389
201 287.569000 341.117000 -0.818676
202 446.372000 327.165000 -3.121270
205 339.025000 162.390000 2.176380
149 6
198 275.629000 184.804000 1.612800
199 258.731000 236.279000 0.671720
200 359.538000 324.429000 -0.609016
201 280.694000 318.086000 -0.308435
202 450.050000 319.216000 2.856680
205 341.725000 167.397000 1.524500
150 6
198 365.938000 108.939000 0.808209
199 265.870000 233.281000 0.370652
200 308.786000 295.466000 -0.882317
201 401.779000 364.448000 -1.299650
202 448.530000 316.789000 -2.214590
205 333.635000 167.153000 2.318190
151 6
198 387.150000 142.992000 0.433043
199 238.654000 229.348000 0.210531
200 319.631000 311.528000 -0.131487
201 383.184000 364.242000 -1.139830
202 447.535000 312.417000 -2.827980
205 314.402000 175.601000 1.115750
152 6
198 397.298000 120.601000 0.998544
199 262.204000 243.105000 0.398333
200 316.697000 313.887000 -0.078079
201 440.093000 388.685000 -1.402630
202 449.242000 317.289000 2.781690
205 323.916000 167.677000 0.602582
153 6
198 369.439000 117.976000 1.273670
199 240.256000 246.584000 0.134064
200 357.068000 234.766000 -0.477194
201 439.049000 392.610000 -0.500381
202 449.630000 322.612000 -2.726950
205 347.603000 175.302000 -2.299750
154 6
198 410.515000 127.281000 2.246850
199 294.651000 329.270000 -0.327690
200 284.353000 224.830000 -0.709835
201 441.111000 391.838000 -1.614950
202 452.220000 317.589000 3.054930
205 352.577000 177.092000 0.159615
155 6
198 402.405000 128.433000 1.029660
199 344.190000 297.313000 -0.420510
200 289.847000 250.942000 -1.093280
201 395.237000 360.696000 -1.513250
202 447.942000 316.392000 -2.884840
205 312.435000 186.639000 0.245691
156 6
198 402.342000 127.203000 1.035740
199 314.303000 326.374000 -0.501382
200 265.968000 237.495000 1.277350
201 364.877000 258.202000 0.062580
202 442.246000 301.914000 2.549330
205 310.850000 186.251000 0.698960
157 6
198 383.957000 129.198000 1.625490
199 313.415000 318.675000 0.026430
200 286.765000 250.656000 1.021220
201 405.755000 395.734000 2.533250
202 451.614000 310.798000 2.826840
205 310.363000 184.927000 1.101420
158 6
198 383.044000 142.281000 0.805573
199 299.608000 316.272000 -0.392056
200 289.469000 252.745000 1.744860
201 427.599000 414.756000 -2.352000
202 450.597000 316.215000 -3.104030
205 299.800000 190.779000 1.431040
159 6
198 447.668000 182.137000 0.638626
199 301.538000 314.900000 0.009761
200 289.282000 252.095000 1.442230
201 426.415000 414.214000 -2.150630
202 448.754000 315.265000 -3.125420
205 305.003000 186.175000 0.639151
160 6
198 437.845000 168.312000 0.113084
199 299.270000 314.223000 -0.302156
200 305.324000 246.269000 1.006280
201 405.749000 384.449000 -0.865354
202 451.929000 311.396000 -3.125850
205 322.362000 180.046000 0.813288
161 6
198 379.550000 163.049000 0.666056
199 260.241000 336.638000 -0.432365
200 374.725000 293.021000 -0.682526
201 449.408000 380.399000 -2.792450
202 445.416000 319.286000 2.827530
205 338.297000 228.305000 2.075600
162 6
198 385.179000 163.318000 0.585847
199 262.157000 343.313000 0.001174
200 330.354000 298.655000 2.885710
201 447.341000 382.743000 -2.359210
202 451.073000 318.349000 -3.132030
205 313.788000 231.971000 1.205150
163 6
198 272.942000 149.565000 2.570080
199 265.325000 344.180000 -0.612861
200 272.262000 276.374000 1.302630
201 451.204000 385.536000 -2.857210
202 449.027000 318.209000 2.855240
205 324.579000 212.630000 0.918791
164 6
198 212.441000 397.017000 1.421940
199 252.743000 335.736000 -0.902039
200 276.374000 275.064000 0.280426
201 448.300000 384.593000 -2.762020
202 447.064000 319.654000 -3.037150
205 352.045000 224.976000 0.291938
165 6
198 334.781000 451.416000 -0.930985
199 259.152000 335.861000 -1.249140
200 295.335000 269.775000 0.939480
201 445.113000 385.538000 -2.565260
202 449.565000 318.375000 -2.889610
205 355.054000 215.327000 -0.023796
166 6
198 333.645000 426.085000 -1.343360
199 257.689000 332.038000 -0.534218
200 290.616000 274.951000 0.901031
201 438.363000 377.881000 -1.534940
202 444.830000 320.152000 2.781250
205 333.585000 205.504000 0.187989
167 6
198 332.178000 428.829000 -1.472930
199 259.615000 331.666000 -0.127426
200 298.887000 272.090000 -0.976887
201 444.844000 381.087000 -2.323650
202 449.908000 315.852000 2.937540
205 335.120000 206.860000 0.754929
168 6
198 329.805000 431.999000 -1.783900
199 251.633000 328.567000 0.483015
200 294.492000 280.321000 2.502660
201 447.708000 380.675000 -2.643110
202 445.385000 316.548000 2.946050
205 321.907000 205.577000 1.764760
169 6
198 330.132000 432.630000 -1.072220
199 251.438000 328.095000 3.005520
200 286.466000 255.385000 1.772160
201 446.517000 381.348000 -2.955840
202 447.391000 316.660000 2.760760
205 337.097000 208.992000 2.309960
170 6
198 331.998000 433.830000 -1.342630
199 256.601000 325.570000 -1.049760
200 289.066000 260.651000 1.218160
201 448.982000 380.259000 -2.903980
202 448.551000 313.736000 -2.751680
205 341.005000 219.505000 1.764820
171 6
198 319.373000 421.148000 -1.519750
199 251.147000 323.491000 -0.312373
200 289.934000 259.148000 1.420290
201 450.548000 384.176000 -2.982130
202 449.509000 318.435000 -2.924310
205 342.670000 219.649000 2.132460
172 6
198 316.842000 426.780000 -1.626380
199 251.520000 322.307000 -0.418684
200 279.496000 259.009000 1.217920
201 450.899000 386.879000 -2.490000
202 449.724000 321.216000 2.818450
205 330.883000 201.728000 0.886654
173 6
198 317.341000 425.626000 -1.653410
199 249.010000 327.315000 -0.549643
200 277.095000 264.143000 0.578504
201 453.496000 383.951000 -2.981140
202 449.533000 317.161000 2.341300
205 330.395000 205.555000 1.031600
174 6
198 319.177000 421.015000 -1.418870
199 254.249000 331.813000 -0.801168
200 283.082000 275.466000 0.620576
201 454.393000 384.387000 -2.745640
202 448.889000 317.202000 2.819600
205 338.605000 219.616000 0.999470
175 6
198 315.867000 425.533000 -1.650340
199 248.876000 329.573000 -1.820310
200 282.573000 273.438000 1.686460
201 452.885000 388.135000 2.923740
202 445.189000 322.758000 2.936600
205 336.492000 228.547000 0.874180
176 6
198 317.721000 422.547000 -1.217100
199 254.192000 331.896000 -0.879937
200 278.872000 272.664000 1.235470
201 453.643000 386.046000 -3.112460
202 445.580000 322.026000 2.872920
205 325.593000 226.675000 0.900867
177 6
198 316.952000 423.171000 -1.105880
199 255.828000 333.382000 -0.903824
200 280.130000 274.709000 0.029914
201 451.553000 387.539000 -2.546540
202 443.995000 322.477000 2.737140
205 331.408000 227.912000 0.340146
178 6
198 318.546000 419.862000 -1.169480
199 251.781000 331.873000 -0.554736
200 282.022000 274.808000 0.389893
201 450.666000 386.848000 -2.877510
202 446.286000 322.808000 2.570800
205 336.180000 230.073000 0.616696
179 6
198 317.899000 425.091000 -0.974156
199 257.497000 334.378000 -0.717050
200 282.240000 278.163000 0.061511
201 452.095000 383.738000 -2.429250
202 445.152000 319.787000 2.639860
205 332.811000 230.203000 0.596078
180 6
198 316.499000 426.494000 -1.110630
199 248.121000 329.411000 -0.114320
200 275.166000 277.659000 0.563093
201 451.144000 386.780000 -2.583080
202 448.348000 319.350000 2.526440
205 338.291000 215.380000 0.740204
181 6
198 318.437000 420.912000 -1.155670
199 257.168000 327.675000 -0.836233
200 284.730000 274.145000 0.371472
201 445.450000 390.269000 -1.204050
202 444.583000 325.285000 2.679580
205 335.663000 240.014000 0.701266
182 6
198 318.361000 422.158000 -0.896922
199 352.301000 138.840000 1.292910
200 299.952000 337.439000 1.088340
201 450.977000 388.886000 -2.815180
202 445.512000 322.758000 2.618360
205 315.180000 240.295000 0.869067
183 6
198 319.505000 424.459000 -0.869107
199 236.675000 341.174000 0.813578
200 306.959000 353.243000 1.242960
201 452.785000 384.896000 -2.727150
202 443.772000 326.170000 2.631590
205 333.919000 246.135000 0.845373
184 6
198 323.700000 414.233000 -1.423260
199 254.136000 335.594000 -0.955943
200 249.082000 276.512000 -0.153156
201 449.387000 388.761000 -2.664870
202 445.970000 322.402000 -2.524350
205 327.955000 245.360000 1.894290
185 6
198 319.817000 421.216000 -1.304750
199 252.445000 343.866000 -0.841994
200 278.214000 284.864000 -0.463414
201 450.283000 389.064000 -2.478220
202 446.228000 322.905000 -2.624860
205 331.288000 249.780000 0.828925
186 6
198 339.701000 418.935000 -1.338440
199 253.631000 353.230000 -0.042002
200 285.786000 293.449000 1.622800
201 439.795000 387.644000 2.495180
202 448.708000 322.767000 2.381410
205 333.452000 251.968000 0.396135
187 6
198 338.034000 424.606000 -1.804760
199 251.192000 351.682000 -0.087664
200 283.202000 295.860000 0.633162
201 454.306000 391.222000 -2.875440
202 446.137000 320.422000 3.035390
205 330.242000 253.091000 0.670083
188 6
198 339.400000 426.453000 -1.686620
199 257.818000 351.897000 -0.409230
200 283.261000 293.944000 1.160230
201 452.238000 389.705000 -2.815750
202 448.120000 319.153000 2.974330
205 330.466000 251.598000 1.086300
189 6
198 341.541000 413.976000 -1.622630
199 267.723000 349.197000 -0.739618
200 284.017000 289.965000 1.769380
201 453.111000 388.557000 -2.872710
202 444.467000 319.417000 -3.137010
205 332.097000 251.308000 1.324510
190 6
198 337.840000 420.958000 -0.948385
199 262.715000 347.656000 -0.853358
200 291.820000 287.495000 0.859760
201 451.937000 392.297000 -2.424860
202 446.457000 320.998000 -2.686640
205 335.814000 246.405000 1.298790
191 6
198 335.242000 423.260000 -0.884843
199 270.512000 341.083000 -2.011360
200 294.015000 286.088000 0.835570
201 451.478000 390.728000 -2.604190
202 445.645000 322.402000 2.539560
205 338.915000 251.173000 2.142870
192 6
198 337.226000 422.464000 -0.863354
199 269.539000 350.351000 -1.536340
200 296.953000 290.544000 0.550250
201 450.439000 385.308000 -2.808010
202 444.461000 324.552000 -2.898490
205 333.664000 244.959000 0.160349
193 6
198 335.414000 424.118000 -1.672560
199 209.015000 367.539000 0.220453
200 295.902000 305.359000 -0.491139
201 451.691000 390.119000 -2.898490
202 447.897000 317.938000 3.115570
205 330.159000 248.045000 0.075564
194 6
198 336.388000 421.723000 -1.866730
199 251.363000 346.522000 -0.620602
200 284.812000 290.248000 0.731993
201 453.813000 389.803000 -2.791660
202 448.105000 319.288000 2.750340
205 329.779000 250.832000 1.347300
195 6
198 337.057000 418.199000 -1.285970
199 253.049000 349.008000 -0.129193
200 287.846000 287.973000 0.216544
201 454.023000 385.389000 -2.686140
202 449.551000 323.141000 2.341030
205 332.706000 249.454000 0.336981
196 6
198 335.980000 419.690000 -1.168100
199 247.647000 344.954000 -0.455137
200 289.268000 293.974000 -2.456150
201 454.425000 389.531000 -2.652330
202 447.301000 326.777000 2.942890
205 332.974000 251.700000 0.215194
197 6
198 341.989000 429.141000 -1.813000
199 252.730000 345.273000 0.007293
200 287.802000 293.899000 -2.710190
201 455.008000 387.362000 -2.693820
202 446.803000 327.090000 3.120530
205 333.434000 244.457000 0.853646
198 6
198 250.126000 222.870000 -0.449419
199 253.082000 356.292000 -0.094454
200 285.623000 300.687000 -0.231652
201 454.904000 387.573000 -2.768420
202 446.207000 327.448000 2.637100
205 329.330000 252.548000 0.815225
199 6
198 437.331000 156.002000 -0.032730
199 249.076000 346.349000 -0.030403
200 283.766000 284.956000 -0.334779
201 454.456000 385.587000 -2.905170
202 445.406000 328.024000 2.777880
205 339.703000 260.658000 -2.766700
200 6
198 426.714000 154.264000 0.585802
199 343.954000 400.050000 -0.538302
200 288.505000 317.784000 -1.192610
201 455.915000 381.252000 2.885060
202 444.592000 319.583000 2.771350
205 329.732000 251.554000 1.434810
201 6
198 420.688000 154.804000 0.323556
199 324.991000 370.641000 -0.375234
200 283.883000 319.810000 -1.138170
201 454.972000 384.701000 3.037230
202 445.262000 308.715000 1.519540
205 328.936000 252.200000 2.344060
202 6
198 430.552000 153.645000 -0.217847
199 320.149000 407.358000 -0.998764
200 288.188000 317.127000 -0.719967
201 451.712000 384.150000 -3.104790
202 444.667000 311.192000 2.319840
205 330.799000 248.988000 1.369300
203 6
198 432.774000 151.929000 -0.065062
199 334.375000 384.309000 -0.331723
200 290.005000 316.052000 -0.319337
201 449.374000 384.208000 -2.716840
202 440.643000 312.427000 2.837870
205 335.046000 251.105000 0.629585
204 6
198 244.884000 258.101000 1.935770
199 334.056000 387.188000 -0.143628
200 281.747000 327.642000 -0.241705
201 444.341000 387.931000 2.292120
202 447.550000 327.781000 2.201370
205 333.237000 246.781000 1.055230
205 6
198 305.968000 495.563000 0.432760
199 339.848000 390.531000 -0.404207
200 287.585000 294.806000 -0.651574
201 393.669000 420.375000 -1.424290
202 451.533000 324.189000 3.034030
205 332.427000 240.411000 1.309700
206 6
198 436.015000 453.008000 -1.360980
199 322.168000 399.029000 -0.313092
200 310.840000 322.004000 -1.088740
201 386.787000 280.275000 2.398550
202 431.997000 357.827000 -2.943970
205 331.378000 246.774000 1.960050
207 6
198 451.948000 444.583000 -0.489035
199 322.132000 406.886000 -0.271873
200 311.826000 321.649000 -1.344520
201 388.830000 289.379000 -0.825936
202 452.424000 372.946000 3.027320
205 331.951000 248.411000 1.999550
208 6
198 434.835000 446.678000 -0.687178
199 311.286000 387.381000 0.097852
200 291.000000 296.280000 0.510941
201 404.623000 312.122000 0.280610
202 452.607000 376.026000 -2.985420
205 342.725000 254.197000 2.302690
209 6
198 439.642000 448.575000 -1.028840
199 341.933000 389.171000 -0.283305
200 306.790000 319.727000 -1.016190
201 409.531000 313.749000 0.778058
202 441.823000 379.552000 2.074410
205 334.898000 254.555000 1.744720
210 6
198 437.928000 447.808000 0.319346
199 354.056000 383.862000 -0.104451
200 304.090000 323.369000 -0.697248
201 415.398000 305.543000 -0.002392
202 446.718000 375.446000 2.889140
205 334.202000 256.860000 1.504370
211 6
198 443.577000 446.970000 -1.148370
199 356.285000 388.742000 0.003234
200 298.626000 306.045000 0.134629
201 418.595000 304.604000 0.013637
202 445.871000 377.567000 2.916810
205 336.204000 255.426000 1.768450
212 6
198 443.498000 447.937000 -1.482310
199 348.796000 394.690000 -0.248359
200 321.811000 335.729000 0.731083
201 411.188000 307.157000 -0.180131
202 445.152000 377.467000 -3.093930
205 338.670000 266.620000 0.078416
213 6
198 439.849000 446.641000 -0.432577
199 353.972000 395.634000 -0.320664
200 333.467000 330.284000 1.139820
201 404.441000 304.170000 0.232696
202 443.012000 374.815000 2.326260
205 345.800000 257.651000 0.257283
214 6
198 440.578000 447.753000 -0.875718
199 355.185000 398.158000 -0.013223
200 324.579000 337.647000 1.108750
201 405.621000 304.430000 0.965459
202 446.290000 378.431000 2.854790
205 345.677000 273.891000 1.480720
215 6
198 440.883000 448.036000 -1.500930
199 343.829000 392.663000 -0.121103
200 317.728000 334.179000 0.979523
201 416.862000 311.371000 0.146293
202 441.496000 381.844000 2.493120
205 349.173000 275.115000 1.098520
216 6
198 439.861000 447.087000 -1.798600
199 346.316000 420.325000 -0.372396
200 332.904000 354.501000 1.526260
201 432.148000 315.990000 0.048083
202 439.348000 380.080000 1.380550
205 345.235000 288.896000 0.709387
217 6
198 440.368000 448.656000 -0.415901
199 332.677000 425.028000 -0.021442
200 319.476000 343.629000 1.126310
201 439.302000 314.922000 0.905977
202 438.274000 381.079000 2.888380
205 354.868000 285.220000 0.580201
218 6
198 438.954000 449.341000 -0.730605
199 335.755000 425.579000 -0.196532
200 322.452000 346.409000 0.952441
201 439.966000 315.538000 0.107457
202 440.764000 381.260000 1.354280
205 346.148000 286.539000 0.255946
219 6
198 443.414000 448.469000 -0.859933
199 324.215000 413.976000 -0.164256
200 328.732000 344.597000 1.041140
201 431.420000 321.170000 0.083002
202 448.825000 380.096000 2.852020
205 336.855000 261.930000 0.283047
220 6
198 440.406000 446.367000 -1.062530
199 339.886000 420.832000 -0.685085
200 322.714000 345.918000 0.539529
201 435.025000 319.728000 0.058720
202 439.391000 376.377000 2.043500
205 362.004000 293.086000 1.200040
221 6
198 437.886000 447.405000 -0.803003
199 331.732000 430.601000 -0.422864
200 312.761000 360.079000 2.520170
201 451.752000 312.364000 -0.758637
202 443.949000 378.695000 2.781210
205 361.691000 307.618000 1.189980
222 6
198 443.141000 446.233000 -0.539612
199 327.723000 420.362000 0.506017
200 322.993000 357.478000 -1.035890
201 458.572000 311.580000 2.980720
202 441.096000 376.547000 2.467970
205 360.932000 304.670000 1.045730
223 6
198 446.282000 446.295000 -0.847844
199 328.383000 415.671000 1.353080
200 319.441000 344.701000 1.386140
201 456.474000 315.478000 2.997180
202 443.347000 376.519000 2.319560
205 367.247000 304.098000 1.125910
224 6
198 441.086000 447.056000 -0.936603
199 302.589000 449.751000 -0.114667
200 321.891000 352.654000 0.688466
201 455.667000 314.845000 2.704210
202 440.238000 379.421000 0.933595
205 358.496000 302.195000 0.906227
225 6
198 441.464000 446.184000 -0.892383
199 329.311000 428.197000 -0.189737
200 325.136000 366.932000 1.259960
201 452.329000 314.179000 3.067320
202 439.311000 375.108000 0.934868
205 365.058000 308.537000 1.316030
226 6
198 440.366000 448.111000 -0.121611
199 327.171000 423.718000 0.012570
200 324.973000 365.670000 1.390540
201 453.535000 312.020000 2.797370
202 443.963000 377.615000 2.919730
205 366.444000 307.957000 1.226810
227 6
198 437.119000 448.134000 0.048159
199 332.485000 440.684000 -0.290099
200 329.486000 363.168000 0.713162
201 453.959000 313.709000 2.333840
202 437.283000 377.643000 0.908615
205 364.775000 307.759000 0.558510
228 6
198 441.852000 447.269000 -1.901020
199 323.451000 421.313000 0.154035
200 329.323000 360.730000 0.408199
201 454.632000 311.672000 2.601960
202 440.732000 378.509000 2.311080
205 359.565000 303.762000 0.751605
229 6
198 439.221000 446.691000 -0.864118
199 328.246000 425.578000 1.053230
200 327.184000 366.203000 0.474795
201 451.957000 312.138000 2.734240
202 438.998000 376.784000 2.789140
205 358.916000 308.655000 1.280160
230 6
198 438.378000 445.411000 -0.822190
199 314.580000 436.477000 -0.943064
200 320.777000 379.594000 0.973948
201 453.182000 314.474000 3.124330
202 436.446000 375.467000 2.711710
205 352.798000 315.318000 0.363812
231 6
198 441.708000 446.868000 -0.993881
199 316.236000 442.096000 -0.062273
200 323.996000 381.276000 1.036870
201 452.977000 316.757000 2.778580
202 443.232000 377.071000 3.073670
205 354.124000 314.508000 1.896310
232 6
198 440.124000 448.919000 -0.792095
199 313.206000 420.068000 0.022656
200 311.695000 352.758000 0.431143
201 449.211000 308.423000 -0.639234
202 442.873000 373.746000 3.088980
205 349.553000 302.742000 1.084990
233 6
198 438.914000 443.590000 -0.184837
199 331.064000 429.896000 0.682842
200 315.532000 362.417000 0.421243
201 453.390000 317.227000 0.197492
202 446.555000 374.686000 2.374770
205 351.401000 307.917000 0.755835
234 6
198 439.540000 446.885000 -0.885905
199 311.719000 445.563000 -0.806780
200 328.052000 380.100000 0.539179
201 453.198000 315.369000 -1.425650
202 467.439000 378.262000 0.765051
205 355.396000 314.259000 1.955100
235 6
198 410.700000 462.869000 2.664190
199 342.028000 450.359000 -0.774810
200 328.050000 378.584000 0.009325
201 432.750000 320.297000 0.152484
202 451.716000 373.882000 2.638130
205 351.228000 316.291000 1.655420
236 6
198 398.338000 476.220000 -0.996227
199 299.856000 464.086000 -0.871689
200 324.090000 383.329000 1.015500
201 454.348000 315.460000 3.037200
202 453.356000 377.554000 3.064260
205 353.904000 316.483000 -0.530369
237 6
198 400.517000 483.513000 -1.362350
199 288.991000 450.126000 -0.072727
200 324.459000 381.916000 1.042710
201 451.179000 312.180000 3.044920
202 448.189000 368.498000 3.061190
205 351.741000 316.156000 1.930810
238 6
198 399.920000 484.688000 -1.330400
199 290.541000 454.263000 -0.524754
200 316.159000 363.320000 -0.218702
201 455.869000 315.566000 -2.997780
202 445.968000 373.051000 3.051910
205 352.883000 306.737000 1.307680
239 6
198 419.890000 456.542000 -1.225280
199 292.831000 454.901000 -0.692746
200 313.235000 381.632000 0.493050
201 451.321000 309.296000 3.108060
202 442.236000 374.357000 3.055170
205 354.552000 313.026000 1.629340
240 6
198 439.839000 450.616000 -0.517280
199 291.340000 460.833000 -1.495710
200 314.558000 381.367000 0.895524
201 448.207000 310.874000 3.062230
202 441.449000 376.146000 -3.011800
205 357.009000 310.793000 1.398120
241 6
198 436.553000 448.915000 -0.511198
199 350.893000 438.087000 -0.340175
200 322.431000 369.991000 1.257350
201 453.256000 310.639000 -3.017980
202 438.349000 372.803000 0.300664
205 351.350000 312.809000 1.243460
242 6
198 437.723000 452.493000 -0.442912
199 311.013000 447.267000 -0.543172
200 321.941000 370.215000 0.659251
201 452.407000 311.615000 2.917990
202 437.020000 376.279000 3.074170
205 350.755000 304.831000 1.352520
243 6
198 442.900000 450.331000 -0.552831
199 326.137000 428.165000 -1.036040
200 318.161000 363.832000 0.250008
201 449.641000 316.877000 2.519690
202 437.037000 379.285000 2.580010
205 359.566000 311.377000 0.531192
244 6
198 444.211000 449.811000 -0.631263
199 273.459000 486.471000 -1.199610
200 255.903000 319.868000 -1.259580
201 427.823000 317.595000 1.091410
202 367.454000 382.339000 2.845300
205 343.285000 317.612000 -2.262760
245 6
198 426.464000 449.849000 -0.869555
199 169.225000 401.726000 -0.744334
200 178.493000 281.026000 1.539190
201 313.281000 331.477000 2.584410
202 239.547000 456.275000 -1.785400
205 309.410000 245.852000 1.219590
246 6
198 362.427000 219.722000 -0.394292
199 182.961000 392.097000 0.197122
200 211.248000 332.200000 1.018090
201 316.412000 412.591000 2.273720
202 231.689000 446.321000 -2.084290
205 312.113000 278.996000 1.107780
247 6
198 356.410000 163.608000 0.374709
199 178.137000 383.081000 0.778663
200 214.554000 328.842000 2.191860
201 328.208000 409.923000 -1.963700
202 248.186000 458.310000 -1.847250
205 301.251000 278.711000 1.089140
248 6
198 286.865000 200.663000 2.368610
199 180.342000 394.716000 0.651431
200 259.883000 339.544000 -2.292090
201 302.267000 425.129000 -1.589910
202 235.888000 456.884000 -2.485590
205 264.360000 275.649000 1.888470
249 6
198 91.808800 389.537000 2.097170
199 205.977000 391.397000 0.802607
200 245.825000 336.257000 2.259740
201 309.317000 426.661000 -2.384740
202 244.401000 450.526000 -1.807040
205 320.453000 355.458000 2.048230
250 6
198 104.112000 560.991000 1.606360
199 198.896000 395.653000 1.143350
200 242.208000 341.139000 1.621360
201 302.708000 417.728000 -2.523440
202 240.511000 467.110000 -2.481510
205 318.411000 345.684000 2.224410
251 6
198 185.730000 493.617000 -0.862051
199 211.766000 398.970000 0.147931
200 246.529000 327.252000 2.416080
201 305.428000 418.515000 -2.215480
202 259.575000 492.453000 -2.182660
205 316.168000 346.927000 1.761330
252 6
198 190.207000 473.791000 -0.783044
199 205.173000 388.041000 0.706645
200 246.077000 323.234000 1.720970
201 309.367000 423.497000 2.358000
202 254.650000 487.344000 -1.781820
205 313.781000 341.341000 1.834440
253 6
198 192.275000 476.543000 -1.362680
199 200.678000 389.771000 0.784694
200 254.358000 335.049000 2.461310
201 310.942000 421.518000 -2.869610
202 259.822000 482.929000 -1.550670
205 318.976000 351.178000 1.407790
254 6
198 192.162000 479.406000 -0.585101
199 198.337000 390.730000 0.910703
200 254.419000 336.800000 1.821790
201 307.133000 418.666000 2.910240
202 267.075000 488.609000 -1.873980
205 316.818000 344.773000 1.923070
255 6
198 191.976000 479.868000 -1.332540
199 198.328000 393.239000 0.810652
200 250.428000 335.156000 1.707660
201 323.182000 445.958000 -2.889640
202 258.327000 493.722000 -1.198670
205 316.412000 346.805000 1.025090
256 6
198 192.632000 480.389000 -0.735886
199 173.654000 363.774000 1.132390
200 260.559000 335.076000 2.880240
201 315.494000 434.844000 -2.286280
202 259.362000 492.826000 -2.551540
205 320.532000 357.937000 2.433860
257 6
198 190.689000 479.950000 -1.423540
199 187.091000 394.447000 1.161860
200 244.433000 363.724000 2.916870
201 313.846000 433.343000 -2.485840
202 258.317000 495.349000 -2.066020
205 322.367000 358.508000 0.443370
258 6
198 191.859000 457.480000 -1.177970
199 196.894000 386.661000 0.795459
200 254.656000 350.732000 2.346150
201 318.288000 435.765000 -2.302180
202 269.684000 502.058000 -1.474740
205 319.906000 349.142000 2.022190
259 6
198 194.911000 469.753000 -0.674740
199 196.485000 399.237000 0.991476
200 252.217000 355.459000 2.559510
201 325.548000 443.117000 2.835740
202 269.819000 503.015000 -1.903090
205 319.748000 354.612000 1.173390
260 6
198 194.158000 472.405000 -1.117950
199 194.996000 399.280000 0.920162
200 249.878000 364.988000 3.028880
201 330.027000 430.994000 -1.191550
202 282.330000 496.976000 -1.620840
205 320.201000 354.160000 1.951450
261 6
198 195.719000 471.914000 -1.300480
199 198.776000 398.332000 0.699715
200 247.347000 361.786000 2.111410
201 329.185000 446.208000 -1.933350
202 276.117000 492.207000 -2.267060
205 318.577000 353.232000 1.044610
262 6
198 196.289000 471.276000 -0.906977
199 199.914000 400.026000 0.836072
200 243.774000 358.200000 1.284390
201 326.701000 442.814000 -3.004060
202 274.846000 497.563000 -2.258480
205 319.671000 353.554000 0.963062
263 6
198 195.472000 471.211000 -0.507313
199 199.787000 399.838000 0.685378
200 248.175000 359.839000 1.631150
201 322.624000 444.260000 -2.514900
202 278.618000 497.498000 -1.687770
205 319.154000 351.977000 2.035000
264 6
198 196.115000 471.927000 -0.664877
199 203.857000 395.649000 1.177480
200 254.164000 322.781000 1.663460
201 318.662000 442.037000 -2.386730
202 274.208000 503.021000 -1.800050
205 320.265000 353.524000 -3.090290
265 6
198 194.064000 468.063000 0.257839
199 206.452000 397.128000 1.200010
200 268.285000 356.005000 2.039740
201 328.212000 446.127000 -2.888490
202 273.623000 501.535000 -1.808190
205 327.301000 365.269000 1.611400
266 6
198 191.048000 466.311000 0.050335
199 203.813000 397.061000 0.780257
200 261.199000 362.497000 1.241940
201 329.846000 453.911000 -1.702430
202 264.539000 505.819000 -1.386450
205 326.480000 360.964000 0.532938
267 6
198 189.888000 466.300000 0.095952
199 204.183000 396.055000 -0.240816
200 265.465000 367.673000 2.275270
201 334.077000 467.157000 -2.315190
202 277.181000 508.314000 -1.861810
205 327.317000 365.525000 0.824076
268 6
198 198.713000 472.502000 -0.750229
199 197.060000 403.150000 0.349924
200 258.046000 364.019000 2.583980
201 326.965000 453.287000 -1.910650
202 291.625000 517.344000 -1.980140
205 331.504000 369.564000 2.377920
269 6
198 202.062000 472.933000 -1.297670
199 171.249000 376.678000 0.063189
200 260.177000 355.801000 2.425290
201 323.836000 444.010000 -2.230240
202 262.244000 500.568000 -1.532520
205 325.970000 369.062000 -3.127860
270 6
198 199.022000 475.878000 -1.114850
199 196.442000 390.050000 0.610272
200 260.906000 371.612000 -2.953300
201 329.970000 435.435000 -2.653530
202 276.578000 498.662000 -1.979550
205 326.461000 366.328000 2.826530
271 6
198 198.624000 476.115000 -1.213930
199 190.716000 397.800000 -0.498310
200 253.114000 371.193000 2.829430
201 326.077000 455.521000 -1.770820
202 266.794000 492.712000 -2.117410
205 325.734000 364.493000 -3.039750
272 6
198 196.944000 469.097000 0.090737
199 201.573000 404.878000 1.134810
200 254.878000 365.809000 2.112290
201 326.344000 452.248000 -2.003850
202 296.793000 514.831000 -1.723460
205 326.113000 362.727000 1.439210
273 6
198 197.001000 467.860000 -1.350800
199 200.514000 395.320000 0.362382
200 263.029000 364.497000 1.752830
201 328.030000 452.867000 -2.453380
202 267.456000 503.239000 -1.511960
205 329.386000 368.965000 2.701810
274 6
198 195.075000 470.190000 -0.367572
199 159.282000 391.669000 0.478108
200 247.017000 348.435000 1.179110
201 326.650000 451.530000 -1.533950
202 281.961000 516.416000 -1.757400
205 307.952000 381.410000 2.825550
275 6
198 138.278000 460.013000 0.275750
199 185.921000 381.115000 0.567204
200 269.288000 343.127000 2.481290
201 329.902000 451.072000 -2.543900
202 271.772000 510.479000 -2.005850
205 326.779000 371.273000 2.348180
276 6
198 380.713000 141.597000 0.090227
199 185.185000 386.006000 0.961283
200 124.043000 336.341000 -3.035290
201 341.776000 454.838000 -1.412670
202 267.138000 527.389000 -1.559300
205 328.274000 392.819000 -1.162980
277 6
198 181.417000 474.399000 -0.947430
199 192.941000 359.608000 0.523411
200 255.307000 341.727000 1.174230
201 318.969000 316.582000 1.744680
202 246.439000 491.117000 -1.753110
205 330.853000 391.845000 2.353410
278 6
198 181.032000 477.795000 -1.299580
199 189.630000 344.419000 1.373220
200 255.474000 316.464000 2.094200
201 326.632000 359.742000 -2.924140
202 246.068000 490.286000 -1.942200
205 329.926000 422.642000 -2.590290
279 6
198 128.528000 405.205000 -1.482690
199 188.054000 380.451000 1.913140
200 253.160000 351.390000 -0.090536
201 303.253000 374.692000 2.804530
202 236.798000 486.462000 -2.019320
205 350.968000 440.901000 3.132060
280 6
198 317.606000 306.179000 0.729945
199 167.090000 442.983000 0.402479
200 247.971000 342.728000 1.340310
201 307.214000 376.133000 3.030850
202 246.675000 486.924000 -1.916670
205 365.048000 438.078000 -0.809273
281 6
198 365.278000 372.165000 -0.561409
199 192.928000 457.757000 -0.657753
200 221.565000 366.620000 1.882330
201 297.946000 361.290000 1.662280
202 251.293000 481.431000 -1.559980
205 357.017000 443.141000 2.567860
282 6
198 379.963000 389.672000 -0.113841
199 180.980000 435.378000 1.285560
200 215.849000 372.533000 1.814390
201 301.102000 370.660000 2.860580
202 237.879000 493.069000 -2.229400
205 364.679000 451.626000 -0.889838
283 6
198 397.479000 381.771000 -2.469840
199 180.159000 431.572000 1.121330
200 251.297000 316.714000 0.670487
201 301.944000 367.163000 2.057730
202 232.933000 484.374000 -2.223840
205 356.640000 436.519000 -0.653860
284 6
198 383.664000 396.766000 -2.720050
199 178.989000 428.250000 0.468005
200 328.821000 356.871000 -0.528887
201 232.133000 374.192000 0.783799
202 237.696000 484.186000 -2.120970
205 331.998000 429.293000 -1.518820
285 6
198 408.833000 343.787000 -1.535620
199 179.851000 431.224000 0.820665
200 338.527000 342.926000 -0.662966
201 217.968000 381.059000 -1.427470
202 245.167000 493.284000 -1.416780
205 340.711000 430.784000 -1.167100
286 6
198 407.563000 314.024000 -2.106240
199 178.704000 434.554000 1.081340
200 334.907000 296.673000 0.245186
201 217.042000 380.807000 1.680040
202 229.782000 482.972000 -1.680380
205 331.866000 421.182000 -2.805460
287 6
198 335.759000 304.526000 -2.617710
199 173.495000 426.843000 0.990811
200 289.337000 326.096000 1.489000
201 222.549000 384.501000 1.537060
202 223.945000 475.646000 -1.440240
205 319.483000 390.075000 -1.908010
288 6
198 356.873000 320.357000 0.305855
199 147.190000 406.989000 0.836299
200 286.685000 328.862000 0.528745
201 218.317000 385.695000 1.371320
202 239.771000 490.431000 -2.152090
205 327.162000 403.467000 -0.633973
289 6
198 383.281000 335.487000 -2.650900
199 140.499000 428.981000 0.659193
200 287.194000 318.211000 -1.107390
201 213.526000 386.283000 1.297450
202 225.430000 480.973000 -2.215680
205 328.115000 384.626000 -0.867736
290 6
198 404.985000 307.231000 -1.775920
199 155.167000 430.410000 -0.097701
200 267.177000 341.726000 -3.062260
201 216.966000 383.833000 1.033880
202 217.624000 473.255000 -2.494390
205 319.481000 438.837000 -1.109940
291 6
198 371.249000 356.258000 -2.153030
199 163.352000 435.701000 0.874285
200 304.535000 249.666000 2.416330
201 193.355000 376.816000 1.046650
202 209.586000 476.699000 -1.615020
205 346.278000 431.617000 -1.684450
292 6
198 353.844000 361.443000 -2.209790
199 161.394000 436.356000 0.982862
200 335.366000 244.507000 -0.969037
201 199.058000 382.484000 1.575180
202 219.589000 491.777000 -1.828120
205 329.999000 428.030000 -1.387980
293 6
198 374.374000 387.103000 -1.962190
199 279.247000 304.019000 -0.551693
200 325.318000 247.286000 -0.243352
201 205.850000 406.894000 -2.524910
202 220.977000 496.632000 -1.342500
205 308.764000 388.139000 0.716769
294 6
198 388.106000 376.336000 -1.821130
199 372.614000 287.181000 -0.572806
200 218.313000 383.547000 1.950370
201 163.793000 434.925000 0.452879
202 222.390000 496.730000 -1.884990
205 307.460000 392.485000 0.784711
295 6
198 397.046000 365.465000 -2.371200
199 361.507000 262.848000 -0.681959
200 212.613000 399.307000 1.825220
201 163.228000 436.592000 0.339134
202 212.922000 486.383000 -2.144520
205 311.744000 385.891000 -0.679059
296 6
198 388.871000 375.665000 -2.194040
199 170.059000 353.066000 1.907120
200 216.201000 397.366000 2.364560
201 163.865000 435.686000 0.502213
202 213.671000 492.415000 -1.881880
205 311.550000 384.007000 0.348534
297 6
198 330.295000 343.675000 2.854870
199 169.047000 360.720000 1.753170
200 236.668000 413.322000 1.473360
201 151.394000 481.799000 -0.549297
202 214.796000 488.728000 -2.134320
205 313.113000 444.551000 -1.393370
298 6
198 336.332000 377.817000 0.201381
199 172.511000 355.244000 1.222930
200 229.047000 411.625000 0.623806
201 152.966000 466.204000 -0.548016
202 202.664000 492.670000 -1.895280
205 313.621000 447.689000 -1.201370
299 6
198 340.874000 379.229000 -0.296866
199 169.070000 346.515000 1.381170
200 218.629000 388.023000 2.057170
201 151.835000 466.548000 -0.283596
202 209.646000 506.095000 -1.245080
205 324.009000 445.896000 -1.063710
300 6
198 323.176000 380.920000 1.843880
199 168.292000 347.572000 0.583167
200 218.941000 389.686000 1.998420
201 149.916000 461.530000 -0.069328
202 201.307000 496.937000 -1.279360
205 339.287000 451.970000 -1.781490
301 6
198 330.230000 403.801000 0.882025
199 168.650000 344.589000 1.044220
200 219.736000 384.897000 1.825470
201 148.949000 460.631000 -0.271109
202 198.555000 497.307000 -1.630770
205 303.283000 464.285000 -1.355120
302 6
198 330.642000 400.334000 -0.006961
199 163.543000 365.307000 1.428460
200 232.442000 415.563000 2.619760
201 149.884000 463.271000 0.341664
202 202.315000 498.407000 -2.137500
205 313.578000 460.756000 -1.454900
303 6
198 331.983000 400.432000 -1.397830
199 173.748000 371.446000 1.848440
200 223.289000 422.241000 -2.382510
201 124.306000 462.028000 1.489500
202 192.923000 504.090000 -2.198660
205 308.070000 459.945000 -1.504070
304 6
198 349.873000 405.653000 -2.142080
199 159.219000 377.642000 1.362930
200 230.283000 428.113000 2.188880
201 121.801000 465.705000 -1.298290
202 193.984000 511.237000 -1.890170
205 306.033000 456.497000 -1.164580
305 6
198 317.162000 401.151000 1.824180
199 165.887000 366.985000 2.018900
200 214.286000 417.391000 2.208620
201 141.285000 469.352000 0.606803
202 184.732000 508.669000 -1.972600
205 311.501000 461.788000 -1.816730
306 6
198 337.729000 407.674000 -1.752710
199 162.584000 371.275000 1.909880
200 211.128000 412.067000 2.158860
201 142.631000 467.442000 0.206029
202 190.260000 507.816000 -1.767800
205 305.888000 460.238000 -1.229430
307 6
198 337.589000 407.700000 -1.828060
199 145.164000 365.699000 1.677430
200 210.085000 412.420000 2.005930
201 144.992000 467.406000 0.941680
202 189.420000 509.440000 -1.583000
205 309.111000 461.799000 -1.110410
308 6
198 352.935000 348.573000 -2.435970
199 150.038000 380.224000 -1.093690
200 219.958000 415.971000 2.282390
201 95.920200 443.113000 -1.477920
202 174.872000 507.556000 -1.670340
205 266.477000 461.668000 -1.394850
309 6
198 313.812000 326.514000 -2.169110
199 150.138000 385.936000 0.970794
200 216.432000 421.815000 2.030310
201 116.968000 450.017000 2.286990
202 157.322000 525.195000 -1.712680
205 220.329000 486.686000 -2.516050
310 6
198 110.759000 272.827000 -2.968480
199 152.133000 373.689000 1.382100
200 229.514000 419.467000 2.661360
201 110.315000 464.944000 1.563560
202 153.349000 515.589000 -1.312890
205 251.670000 478.366000 -0.801323
311 6
198 75.002200 426.169000 -1.249180
199 142.319000 382.947000 2.592210
200 215.489000 425.790000 3.048360
201 110.257000 496.778000 3.046900
202 168.104000 530.194000 -1.372400
205 214.565000 496.905000 -3.073670
312 6
198 86.108600 431.364000 -0.132745
199 137.318000 385.612000 2.250810
200 214.862000 435.802000 2.238720
201 109.951000 502.949000 2.531990
202 155.509000 541.635000 -1.235060
205 217.731000 498.208000 -1.918910
313 6
198 90.206200 427.271000 2.147380
199 140.824000 380.671000 2.080760
200 213.009000 430.936000 2.651170
201 110.371000 502.076000 -3.001430
202 159.338000 544.383000 -0.603515
205 228.847000 486.983000 -2.648190
314 6
198 86.012200 427.494000 -0.733106
199 299.355000 308.141000 -0.600007
200 208.004000 432.731000 -3.128760
201 112.551000 499.415000 2.112830
202 157.274000 546.581000 -0.306874
205 225.251000 493.482000 -1.126920
315 6
198 86.089900 430.098000 -0.964751
199 368.969000 279.027000 -0.508434
200 182.738000 419.597000 1.646790
201 110.857000 500.485000 -2.639180
202 154.642000 541.198000 -1.119020
205 227.325000 482.171000 2.980670
316 6
198 90.478100 426.803000 1.296920
199 165.585000 371.448000 2.742310
200 198.116000 430.347000 -2.069640
201 106.075000 492.844000 -1.586150
202 154.053000 544.168000 -1.338660
205 223.094000 488.132000 -2.022370
317 6
198 87.313000 428.740000 -0.404969
199 144.933000 403.499000 2.453350
200 200.524000 435.173000 2.635460
201 86.220000 497.770000 -1.237650
202 158.603000 547.375000 -1.477600
205 208.625000 501.276000 2.610000
318 6
198 96.026100 419.501000 2.175590
199 157.162000 392.801000 2.308970
200 200.787000 437.618000 3.086910
201 118.328000 486.524000 -1.068640
202 152.963000 541.721000 -1.481370
205 226.480000 525.384000 2.856040
319 6
198 80.917800 414.957000 2.169590
199 132.531000 382.347000 2.332810
200 199.223000 429.836000 3.112070
201 78.084700 490.073000 -1.186390
202 142.731000 524.865000 -1.635640
205 203.423000 497.751000 2.996810
320 6
198 82.642000 415.763000 1.153100
199 156.284000 365.000000 1.801220
200 197.449000 428.683000 2.390420
201 105.763000 494.956000 -1.332420
202 154.923000 530.611000 -2.498340
205 218.210000 510.444000 2.709380
