1 2
205 198
199 200 201 202
2 2
205 198
199 200 201
3 2
205 198
199 200 201 202
4 1
205 200 201 202
5 1
200 201 202
6 1
205 199 200 201 202
7 1
199 200 201 202
8 2
205 200 201 202
199 198
9 2
205 199 198
200 201 202
10 1
200 201 202
11 1
199 198 200 201 202
12 1
205 199 200 201 202
13 1
205 199 200 201 202
14 1
205 199 200 201 202
15 1
205 199 200 201 202
16 1
205 199 198 200 201 202
17 1
205 199 198 200 201 202
18 1
205 199 198 200 201 202
19 1
205 199 198 200 201 202
20 2
205 199
198 200 201 202
21 1
205 199 198 200 201 202
22 1
205 199 198 200 201 202
23 1
205 199 198 200 202
24 1
205 199 198 200 202
25 1
205 199 198 200 201 202
26 2
205 201
199 198 200 202
27 2
205 201
199 200 202
28 2
205 201
199 200 202
29 2
205 198 201
199 200 202
30 2
205 198 201
199 200 202
31 2
205 198 201
199 200 202
32 2
205 198 201
199 200 202
33 2
205 198 201
199 200 202
34 2
205 198 201
199 200 202
35 2
205 198 201
199 200 202
36 2
205 198 201
199 200 202
37 3
205 198
199 202
200 201
38 1
205 199 198 200 202
39 1
205 198 201
40 1
198 201
41 1
201 200
42 1
205 198 201 200 202
43 1
205 198 201 200 202
44 1
205 201 200 202
45 1
205 199 198 201 200 202
46 1
205 199 198 201 200 202
47 1
205 199 198 201 200 202
48 1
205 199 198 201 200
49 1
205 199 198 201 200 202
50 1
205 199 198 201 200 202
51 1
205 199 201 200 202
52 1
205 199 198 201 200
53 1
205 199 198 201 200
54 1
205 199 198 201 200 202
55 1
205 199 198 201 200 202
56 1
205 199 198 201 200 202
57 1
205 199 198 201 200 202
58 2
205 198 201
199 202
59 1
205 199 198 201 200 202
60 1
205 199 198 201 200 202
61 1
205 199 198 201 200 202
62 1
205 199 198 201 200 202
63 1
205 199 198 201 200 202
64 1
205 199 198 201 200 202
65 1
205 199 198 201 200 202
66 1
205 199 198 201 200 202
67 1
205 199 198 200 202
68 1
205 199 198 201 200 202
69 1
205 199 198 201 200 202
70 1
205 199 198 201 200 202
71 1
205 199 198 201 200 202
72 1
205 198 201 200 202
73 1
205 198 201 200 202
74 1
205 198 201 200 202
75 1
205 198 201 202
76 1
205 198 201 200 202
77 1
205 198 201 200 202
78 1
205 198 201 200 202
79 1
205 198 201 200 202
80 1
205 198 201 200 202
81 1
205 198 201 200 202
82 1
205 199 198 201 200 202
83 1
205 199 198 201 200 202
84 1
205 199 198 201 200 202
85 1
205 199 198 201 200 202
86 1
205 198 201 200 202
87 1
205 198 201 200 202
88 1
205 199 198 200 202
89 1
205 199 198 201 200 202
90 1
205 199 201 200 202
91 1
205 199 198 201 200 202
92 1
205 199 198 201 200 202
93 1
205 199 198 201 200 202
94 1
205 199 198 201 200 202
95 1
205 199 198 201 200 202
96 1
205 199 198 201 200 202
97 1
205 199 198 201 200 202
98 1
205 198 201 202
99 2
205 198 201
199 202
100 1
205 199 198 201 200 202
101 1
205 199 198 201 200 202
102 1
205 199 198 201 200 202
103 1
205 199 198 201 200 202
104 1
199 201 200 202
105 1
205 199 198 201 200 202
106 1
205 199 198 201 200 202
107 1
205 199 198 201 200 202
108 1
205 199 198 201 200 202
109 1
205 199 198 201 200 202
110 1
205 199 198 201 200 202
111 1
205 198 201 200 202
112 1
205 198 201 200 202
113 1
205 201 200 202
114 2
205 201 198
200 202
115 1
198 201
116 2
205 199 202
198 200 201
117 2
205 199 202
198 200 201
118 2
205 199 202
198 200 201
119 2
205 199 200 202
198 201
120 2
205 199 202
198 200 201
121 2
205 199 202
198 200 201
122 2
205 199 202
198 200 201
123 2
205 199 200 202
198 201
124 2
205 199 200
198 201
125 2
205 199 200
198 201 202
126 2
205 199 200
198 201
127 1
205 199
128 2
205 199 200 201
198 202
129 2
205 199 200 201
198 202
130 2
205 199
198 200 201 202
131 2
205 199
198 200 201 202
132 3
205 199
198 200
201 202
133 2
205 199
198 200 201 202
134 2
205 199
198 200 201 202
135 1
205 199 201
136 2
205 199
198 200
137 2
205 199
198 200
138 1
205 199 198 200
139 1
205 199 200
140 2
205 199
198 201
141 1
205 199
142 2
205 199
201 202
143 1
205 199 198 200 201
144 0
145 2
205 199
198 200 201
146 1
205 199 198
147 1
205 199 198 200 201
148 1
205 199 200 201
149 1
205 199 198 200 201
150 2
205 199 200
201 202
151 1
205 199 198 200 201 202
152 2
205 199 198 200
201 202
153 1
201 202
154 1
201 202
155 1
205 199 198 200 201 202
156 1
205 199 200 202
157 1
205 199 198 200 201 202
158 1
205 199 198 200 201 202
159 1
205 199 198 200 201 202
160 1
205 199 200 201 202
161 2
205 198 200
199 201 202
162 2
205 198
199 201 202
163 1
205 199 200 201 202
164 1
205 199 200 201 202
165 1
199 198 200 201 202
166 1
205 199 198 200 201 202
167 1
205 199 198 200 201 202
168 1
205 199 198 200 201 202
169 1
205 199 198 200 201 202
170 1
205 199 198 200 201 202
171 1
205 199 198 200 201 202
172 1
205 199 198 200 201 202
173 1
205 199 198 200 201 202
174 1
205 199 198 200 201 202
175 1
205 199 198 200 201 202
176 1
205 199 198 200 201 202
177 1
205 199 198 200 201 202
178 1
205 199 198 200 201 202
179 1
205 199 198 200 201 202
180 1
205 199 198 200 201 202
181 1
205 199 198 200 201 202
182 1
205 198 200 201 202
183 1
205 198 200 201 202
184 1
205 199 198 200 201 202
185 1
205 199 198 200 201 202
186 1
205 199 198 200 201 202
187 1
205 199 198 200 201 202
188 1
205 199 198 200 201 202
189 1
205 199 198 200 201 202
190 1
205 199 198 200 201 202
191 1
205 199 198 200 201 202
192 1
205 199 198 200 201 202
193 1
205 198 200 201 202
194 1
205 199 198 200 201 202
195 1
205 199 198 200 201 202
196 1
205 199 198 200 201 202
197 2
205 200
199 201 202
198 2
205 200
199 201 202
199 2
205 200
199 201 202
200 2
205 200
199 201 202
201 2
205 200
199 201 202
202 2
205 200
199 201 202
203 2
205 200
199 201 202
204 2
205 200
199 201 202
205 2
205 200
199 201 202
206 2
205 200
199 198 202
207 2
205 200
199 198 202
208 2
205 200
199 198 201 202
209 2
205 200
199 198 201 202
210 2
205 200
199 198 201 202
211 1
199 198 200 201 202
212 1
205 199 198 200 201 202
213 1
205 199 198 200 201 202
214 1
205 199 198 200 201 202
215 1
205 199 198 200 201 202
216 1
205 199 198 200 201 202
217 1
205 199 198 200 201 202
218 1
205 199 198 200 201 202
219 1
205 199 198 200 201 202
220 1
205 199 198 200 201 202
221 1
205 199 198 200 201 202
222 1
205 199 198 200 201 202
223 1
205 199 198 201 202
224 1
205 199 198 200 201 202
225 1
205 199 198 200 201 202
226 1
205 199 198 200 201 202
227 1
205 199 198 200 201 202
228 1
205 199 198 200 201 202
229 1
205 199 198 200 201 202
230 1
205 199 198 200 201 202
231 1
205 199 198 200 201 202
232 1
205 199 198 200 201 202
233 1
205 199 198 200 201 202
234 1
205 199 198 200 201 202
235 1
205 199 200 201 202
236 1
205 199 198 200 201 202
237 1
205 199 198 200 201 202
238 1
205 199 198 200 201 202
239 1
205 199 198 200 201 202
240 1
205 199 198 200 201 202
241 1
205 199 198 200 201 202
242 1
205 199 198 200 201 202
243 1
205 199 198 200 201 202
244 1
199 202
245 1
199 200 201 202
246 1
205 199 200 201 202
247 1
205 199 200 201 202
248 1
205 199 200 201 202
249 1
205 199 200 201 202
250 1
205 199 200 201 202
251 1
205 199 198 200 201 202
252 1
205 199 198 200 201 202
253 1
205 199 198 200 201 202
254 1
205 199 198 200 201 202
255 1
205 199 198 200 201 202
256 1
205 199 198 200 201 202
257 1
205 199 198 200 201 202
258 1
205 199 198 200 201 202
259 1
205 199 198 200 201 202
260 1
205 199 198 200 201 202
261 1
205 199 198 200 201 202
262 1
205 199 198 200 201 202
263 1
205 199 198 200 201 202
264 1
205 199 198 200 201 202
265 1
205 199 198 200 201 202
266 1
205 199 198 200 201 202
267 1
205 199 198 200 201 202
268 1
205 199 198 200 201 202
269 1
205 199 198 200 201 202
270 1
205 199 198 200 201 202
271 1
205 199 198 200 201 202
272 1
199 198 200 201 202
273 1
205 199 198 200 201 202
274 1
205 199 198 200 201 202
275 1
205 199 198 200 201 202
276 1
199 202
277 2
205 200 201
199 198 202
278 1
205 199 198 200 201 202
279 1
205 200 201 202
280 2
205 198
199 200 201 202
281 1
205 199 198 200 201 202
282 1
199 198 200 201 202
283 2
205 198 200
199 201 202
284 2
205 198 200
199 201 202
285 2
205 198 200
199 201 202
286 2
205 200
199 201 202
287 2
205 200
199 201 202
288 2
205 198 200
199 201 202
289 2
205 198 200
199 201 202
290 1
199 200 201 202
291 2
205 198
199 201 202
292 2
205 198 200
199 201 202
293 2
205 199 198 200
201 202
294 2
205 198
200 201 202
295 2
205 198
200 201 202
296 2
205 198
200 201 202
297 2
205 198
199 200 201 202
298 2
205 198
199 200 201 202
299 2
205 198
199 200 201 202
300 2
205 198
199 200 201 202
301 2
205 198
199 200 201 202
302 2
205 198
199 200 201 202
303 2
205 198
199 200 201 202
304 2
205 198
199 200 201 202
305 2
205 198
199 200 201 202
306 2
205 198
199 200 201 202
307 2
205 198
199 200 201 202
308 1
199 200 201 202
309 1
205 199 200 201 202
310 1
205 199 200 201 202
311 1
205 199 198 200 201 202
312 1
205 199 198 200 201 202
313 1
205 199 198 200 201 202
314 1
205 198 200 201 202
315 1
205 198 200 201 202
316 1
205 199 198 200 201 202
317 1
205 199 198 200 201 202
318 1
205 199 198 200 201 202
319 1
205 199 198 200 201 202
320 1
205 199 198 200 201 202
