1
205 198
199 200 201 202
2
205 198
199 200 201
3
205 198
199 200 201 202
4
205 200 201 202
5
200 201 202
6
205 199 200 201 202
7
199 200 201 202
8
205 200 201 202
199 198
9
205 199 198
200 201 202
10
200 201 202
11
199 198 200 201 202
12
205 199 200 201 202
13
205 199 200 201 202
14
205 199 200 201 202
15
205 199 200 201 202
16
205 199 198 200 201 202
17
205 199 198 200 201 202
18
205 199 198 200 201 202
19
205 199 198 200 201 202
20
205 199
198 200 201 202
21
205 199 198 200 201 202
22
205 199 198 200 201 202
23
205 199 198 200 202
24
205 199 198 200 202
25
205 199 198 200 201 202
26
205 201
199 198 200 202
27
205 201
199 200 202
28
205 201
199 200 202
29
205 198 201
199 200 202
30
205 198 201
199 200 202
31
205 198 201
199 200 202
32
205 198 201
199 200 202
33
205 198 201
199 200 202
34
205 198 201
199 200 202
35
205 198 201
199 200 202
36
205 198 201
199 200 202
37
205 198
199 202
200 201
38
205 199 198 200 202
39
205 198 201
40
198 201
41
201 200
42
205 198 201 200 202
43
205 198 201 200 202
44
205 201 200 202
45
205 199 198 201 200 202
46
205 199 198 201 200 202
47
205 199 198 201 200 202
48
205 199 198 201 200
49
205 199 198 201 200 202
50
205 199 198 201 200 202
51
205 199 201 200 202
52
205 199 198 201 200
53
205 199 198 201 200
54
205 199 198 201 200 202
55
205 199 198 201 200 202
56
205 199 198 201 200 202
57
205 199 198 201 200 202
58
205 198 201
199 202
59
205 199 198 201 200 202
60
205 199 198 201 200 202
61
205 199 198 201 200 202
62
205 199 198 201 200 202
63
205 199 198 201 200 202
64
205 199 198 201 200 202
65
205 199 198 201 200 202
66
205 199 198 201 200 202
67
205 199 198 200 202
68
205 199 198 201 200 202
69
205 199 198 201 200 202
70
205 199 198 201 200 202
71
205 199 198 201 200 202
72
205 198 201 200 202
73
205 198 201 200 202
74
205 198 201 200 202
75
205 198 201 202
76
205 198 201 200 202
77
205 198 201 200 202
78
205 198 201 200 202
79
205 198 201 200 202
80
205 198 201 200 202
81
205 198 201 200 202
82
205 199 198 201 200 202
83
205 199 198 201 200 202
84
205 199 198 201 200 202
85
205 199 198 201 200 202
86
205 198 201 200 202
87
205 198 201 200 202
88
205 199 198 200 202
89
205 199 198 201 200 202
90
205 199 201 200 202
91
205 199 198 201 200 202
92
205 199 198 201 200 202
93
205 199 198 201 200 202
94
205 199 198 201 200 202
95
205 199 198 201 200 202
96
205 199 198 201 200 202
97
205 199 198 201 200 202
98
205 198 201 202
99
205 198 201
199 202
100
205 199 198 201 200 202
101
205 199 198 201 200 202
102
205 199 198 201 200 202
103
205 199 198 201 200 202
104
199 201 200 202
105
205 199 198 201 200 202
106
205 199 198 201 200 202
107
205 199 198 201 200 202
108
205 199 198 201 200 202
109
205 199 198 201 200 202
110
205 199 198 201 200 202
111
205 198 201 200 202
112
205 198 201 200 202
113
205 201 200 202
114
205 201 198
200 202
115
198 201
116
205 199 202
198 200 201
117
205 199 202
198 200 201
118
205 199 202
198 200 201
119
205 199 200 202
198 201
120
205 199 202
198 200 201
121
205 199 202
198 200 201
122
205 199 202
198 200 201
123
205 199 200 202
198 201
124
205 199 200
198 201
125
205 199 200
198 201 202
126
205 199 200
198 201
127
205 199
128
205 199 200 201
198 202
129
205 199 200 201
198 202
130
205 199
198 200 201 202
131
205 199
198 200 201 202
132
205 199
198 200
201 202
133
205 199
198 200 201 202
134
205 199
198 200 201 202
135
205 199 201
136
205 199
198 200
137
205 199
198 200
138
205 199 198 200
139
205 199 200
140
205 199
198 201
141
205 199
142
205 199
201 202
143
205 199 198 200 201
144
145
205 199
198 200 201
146
205 199 198
147
205 199 198 200 201
148
205 199 200 201
149
205 199 198 200 201
150
205 199 200
201 202
151
205 199 198 200 201 202
152
205 199 198 200
201 202
153
201 202
154
201 202
155
205 199 198 200 201 202
156
205 199 200 202
157
205 199 198 200 201 202
158
205 199 198 200 201 202
159
205 199 198 200 201 202
160
205 199 200 201 202
161
205 198 200
199 201 202
162
205 198
199 201 202
163
205 199 200 201 202
164
205 199 200 201 202
165
199 198 200 201 202
166
205 199 198 200 201 202
167
205 199 198 200 201 202
168
205 199 198 200 201 202
169
205 199 198 200 201 202
170
205 199 198 200 201 202
171
205 199 198 200 201 202
172
205 199 198 200 201 202
173
205 199 198 200 201 202
174
205 199 198 200 201 202
175
205 199 198 200 201 202
176
205 199 198 200 201 202
177
205 199 198 200 201 202
178
205 199 198 200 201 202
179
205 199 198 200 201 202
180
205 199 198 200 201 202
181
205 199 198 200 201 202
182
205 198 200 201 202
183
205 198 200 201 202
184
205 199 198 200 201 202
185
205 199 198 200 201 202
186
205 199 198 200 201 202
187
205 199 198 200 201 202
188
205 199 198 200 201 202
189
205 199 198 200 201 202
190
205 199 198 200 201 202
191
205 199 198 200 201 202
192
205 199 198 200 201 202
193
205 198 200 201 202
194
205 199 198 200 201 202
195
205 199 198 200 201 202
196
205 199 198 200 201 202
197
205 200
199 201 202
198
205 200
199 201 202
199
205 200
199 201 202
200
205 200
199 201 202
201
205 200
199 201 202
202
205 200
199 201 202
203
205 200
199 201 202
204
205 200
199 201 202
205
205 200
199 201 202
206
205 200
199 198 202
207
205 200
199 198 202
208
205 200
199 198 201 202
209
205 200
199 198 201 202
210
205 200
199 198 201 202
211
199 198 200 201 202
212
205 199 198 200 201 202
213
205 199 198 200 201 202
214
205 199 198 200 201 202
215
205 199 198 200 201 202
216
205 199 198 200 201 202
217
205 199 198 200 201 202
218
205 199 198 200 201 202
219
205 199 198 200 201 202
220
205 199 198 200 201 202
221
205 199 198 200 201 202
222
205 199 198 200 201 202
223
205 199 198 201 202
224
205 199 198 200 201 202
225
205 199 198 200 201 202
226
205 199 198 200 201 202
227
205 199 198 200 201 202
228
205 199 198 200 201 202
229
205 199 198 200 201 202
230
205 199 198 200 201 202
231
205 199 198 200 201 202
232
205 199 198 200 201 202
233
205 199 198 200 201 202
234
205 199 198 200 201 202
235
205 199 200 201 202
236
205 199 198 200 201 202
237
205 199 198 200 201 202
238
205 199 198 200 201 202
239
205 199 198 200 201 202
240
205 199 198 200 201 202
241
205 199 198 200 201 202
242
205 199 198 200 201 202
243
205 199 198 200 201 202
244
199 202
245
199 200 201 202
246
205 199 200 201 202
247
205 199 200 201 202
248
205 199 200 201 202
249
205 199 200 201 202
250
205 199 200 201 202
251
205 199 198 200 201 202
252
205 199 198 200 201 202
253
205 199 198 200 201 202
254
205 199 198 200 201 202
255
205 199 198 200 201 202
256
205 199 198 200 201 202
257
205 199 198 200 201 202
258
205 199 198 200 201 202
259
205 199 198 200 201 202
260
205 199 198 200 201 202
261
205 199 198 200 201 202
262
205 199 198 200 201 202
263
205 199 198 200 201 202
264
205 199 198 200 201 202
265
205 199 198 200 201 202
266
205 199 198 200 201 202
267
205 199 198 200 201 202
268
205 199 198 200 201 202
269
205 199 198 200 201 202
270
205 199 198 200 201 202
271
205 199 198 200 201 202
272
199 198 200 201 202
273
205 199 198 200 201 202
274
205 199 198 200 201 202
275
205 199 198 200 201 202
276
199 202
277
205 200 201
199 198 202
278
205 199 198 200 201 202
279
205 200 201 202
280
205 198
199 200 201 202
281
205 199 198 200 201 202
282
199 198 200 201 202
283
205 198 200
199 201 202
284
205 198 200
199 201 202
285
205 198 200
199 201 202
286
205 200
199 201 202
287
205 200
199 201 202
288
205 198 200
199 201 202
289
205 198 200
199 201 202
290
199 200 201 202
291
205 198
199 201 202
292
205 198 200
199 201 202
293
205 199 198 200
201 202
294
205 198
200 201 202
295
205 198
200 201 202
296
205 198
200 201 202
297
205 198
199 200 201 202
298
205 198
199 200 201 202
299
205 198
199 200 201 202
300
205 198
199 200 201 202
301
205 198
199 200 201 202
302
205 198
199 200 201 202
303
205 198
199 200 201 202
304
205 198
199 200 201 202
305
205 198
199 200 201 202
306
205 198
199 200 201 202
307
205 198
199 200 201 202
308
199 200 201 202
309
205 199 200 201 202
310
205 199 200 201 202
311
205 199 198 200 201 202
312
205 199 198 200 201 202
313
205 199 198 200 201 202
314
205 198 200 201 202
315
205 198 200 201 202
316
205 199 198 200 201 202
317
205 199 198 200 201 202
318
205 199 198 200 201 202
319
205 199 198 200 201 202
320
205 199 198 200 201 202
